0 0.5005 0.2950 0.0361 0.0747 0.4964 0.2896 2.0000 0.5137 0.2896 2.0000 0.5068 0.2981 2.0000 0.4986 0.3136 2.0000 0.5137 0.3127 2.0000
0 0.4141 0.3309 0.0371 0.0703 0.0000 0.0000 0.0000 0.0000 0.0000 0.0000 0.0000 0.0000 0.0000 0.0000 0.0000 0.0000 0.0000 0.0000 0.0000
0 0.3262 0.3411 0.0371 0.0615 0.0000 0.0000 0.0000 0.0000 0.0000 0.0000 0.0000 0.0000 0.0000 0.0000 0.0000 0.0000 0.0000 0.0000 0.0000
0 0.2334 0.3602 0.0371 0.0615 0.2266 0.3484 2.0000 0.2444 0.3484 2.0000 0.2363 0.3590 2.0000 0.2292 0.3735 2.0000 0.2426 0.3739 2.0000
0 0.0371 0.3287 0.0312 0.0512 0.0000 0.0000 0.0000 0.0000 0.0000 0.0000 0.0000 0.0000 0.0000 0.0000 0.0000 0.0000 0.0000 0.0000 0.0000
0 0.9165 0.2731 0.0400 0.0630 0.9111 0.2620 2.0000 0.9289 0.2624 2.0000 0.9200 0.2766 2.0000 0.9130 0.2888 2.0000 0.9235 0.2892 2.0000
0 0.7832 0.2540 0.0371 0.0659 0.7783 0.2439 2.0000 0.7955 0.2422 2.0000 0.7877 0.2564 2.0000 0.7783 0.2681 2.0000 0.7936 0.2673 2.0000
0 0.7153 0.3097 0.0381 0.0659 0.7104 0.2962 2.0000 0.7264 0.2974 2.0000 0.7191 0.3083 2.0000 0.7127 0.3188 2.0000 0.7241 0.3192 2.0000
0 0.5947 0.2958 0.0312 0.0527 0.0000 0.0000 0.0000 0.0000 0.0000 0.0000 0.0000 0.0000 0.0000 0.0000 0.0000 0.0000 0.0000 0.0000 0.0000
0 0.1577 0.3375 0.0322 0.0483 0.0000 0.0000 0.0000 0.0000 0.0000 0.0000 0.0000 0.0000 0.0000 0.0000 0.0000 0.0000 0.0000 0.0000 0.0000
