0 0.5840 0.2415 0.0469 0.0742 0.5723 0.2250 2.0000 0.5935 0.2250 2.0000 0.5838 0.2361 2.0000 0.5758 0.2538 2.0000 0.5914 0.2515 2.0000
0 0.3691 0.2389 0.0469 0.0794 0.3559 0.2241 2.0000 0.3760 0.2236 2.0000 0.3615 0.2341 2.0000 0.3564 0.2549 2.0000 0.3712 0.2546 2.0000
0 0.1265 0.2533 0.0439 0.0742 0.1168 0.2432 2.0000 0.1371 0.2432 2.0000 0.1259 0.2553 2.0000 0.1193 0.2702 2.0000 0.1329 0.2702 2.0000
0 0.4956 0.2715 0.0283 0.0456 0.4876 0.2643 2.0000 0.5005 0.2655 2.0000 0.4920 0.2716 2.0000 0.4887 0.2820 2.0000 0.4967 0.2829 2.0000
0 0.8770 0.2135 0.0508 0.0703 0.8687 0.1976 2.0000 0.8892 0.1963 2.0000 0.8798 0.2111 2.0000 0.8724 0.2285 2.0000 0.8875 0.2272 2.0000
0 0.6860 0.2611 0.0322 0.0482 0.6809 0.2505 2.0000 0.6940 0.2508 2.0000 0.6870 0.2581 2.0000 0.6822 0.2693 2.0000 0.6922 0.2693 2.0000
0 0.3145 0.2617 0.0293 0.0443 0.3105 0.2547 2.0000 0.3229 0.2547 2.0000 0.3167 0.2641 2.0000 0.3118 0.2735 2.0000 0.3214 0.2738 2.0000
0 0.2700 0.2363 0.0186 0.0378 0.0000 0.0000 0.0000 0.0000 0.0000 0.0000 0.0000 0.0000 0.0000 0.0000 0.0000 0.0000 0.0000 0.0000 0.0000
0 0.0254 0.2350 0.0176 0.0299 0.0258 0.2321 2.0000 0.0319 0.2318 2.0000 0.0310 0.2369 2.0000 0.0281 0.2435 2.0000 0.0319 0.2435 2.0000
0 0.1724 0.2480 0.0127 0.0273 0.0000 0.0000 0.0000 0.0000 0.0000 0.0000 0.0000 0.0000 0.0000 0.0000 0.0000 0.0000 0.0000 0.0000 0.0000
0 0.1919 0.2539 0.0127 0.0260 0.1910 0.2531 2.0000 0.1945 0.2536 2.0000 0.1956 0.2631 2.0000 0.1897 0.2662 2.0000 0.1902 0.2667 2.0000
0 0.6362 0.2500 0.0166 0.0260 0.0000 0.0000 0.0000 0.0000 0.0000 0.0000 0.0000 0.0000 0.0000 0.0000 0.0000 0.0000 0.0000 0.0000 0.0000
0 0.9702 0.2370 0.0186 0.0286 0.0000 0.0000 0.0000 0.0000 0.0000 0.0000 0.0000 0.0000 0.0000 0.0000 0.0000 0.0000 0.0000 0.0000 0.0000
0 0.8164 0.2220 0.0156 0.0273 0.0000 0.0000 0.0000 0.0000 0.0000 0.0000 0.0000 0.0000 0.0000 0.0000 0.0000 0.0000 0.0000 0.0000 0.0000
0 0.0649 0.2663 0.0107 0.0195 0.0000 0.0000 0.0000 0.0000 0.0000 0.0000 0.0000 0.0000 0.0000 0.0000 0.0000 0.0000 0.0000 0.0000 0.0000
0 0.4565 0.2415 0.0127 0.0195 0.0000 0.0000 0.0000 0.0000 0.0000 0.0000 0.0000 0.0000 0.0000 0.0000 0.0000 0.0000 0.0000 0.0000 0.0000
0 0.5254 0.2493 0.0215 0.0273 0.0000 0.0000 0.0000 0.0000 0.0000 0.0000 0.0000 0.0000 0.0000 0.0000 0.0000 0.0000 0.0000 0.0000 0.0000
0 0.7080 0.2389 0.0156 0.0195 0.0000 0.0000 0.0000 0.0000 0.0000 0.0000 0.0000 0.0000 0.0000 0.0000 0.0000 0.0000 0.0000 0.0000 0.0000
