0 0.1187 0.4510 0.0166 0.0381 0.1160 0.4492 2.0000 0.1233 0.4495 2.0000 0.1190 0.4552 2.0000 0.1160 0.4606 2.0000 0.1218 0.4609 2.0000
0 0.1401 0.4400 0.0166 0.0337 0.0000 0.0000 0.0000 0.0000 0.0000 0.0000 0.0000 0.0000 0.0000 0.0000 0.0000 0.0000 0.0000 0.0000 0.0000
0 0.1748 0.4143 0.0156 0.0293 0.1708 0.4160 2.0000 0.1765 0.4148 2.0000 0.1727 0.4205 2.0000 0.1715 0.4256 2.0000 0.1773 0.4244 2.0000
0 0.1455 0.5322 0.0430 0.0805 0.1355 0.5222 2.0000 0.1555 0.5197 2.0000 0.1508 0.5294 2.0000 0.1419 0.5523 2.0000 0.1559 0.5503 2.0000
0 0.0420 0.4722 0.0312 0.0659 0.0372 0.4599 2.0000 0.0518 0.4604 2.0000 0.0445 0.4683 2.0000 0.0386 0.4842 2.0000 0.0512 0.4850 2.0000
0 0.0918 0.4810 0.0195 0.0366 0.0890 0.4786 2.0000 0.0984 0.4801 2.0000 0.0946 0.4841 2.0000 0.0910 0.4918 2.0000 0.0962 0.4918 2.0000
0 0.0713 0.5051 0.0273 0.0469 0.0000 0.0000 0.0000 0.0000 0.0000 0.0000 0.0000 0.0000 0.0000 0.0000 0.0000 0.0000 0.0000 0.0000 0.0000
0 0.1025 0.3873 0.0156 0.0278 0.1003 0.3851 2.0000 0.1079 0.3858 2.0000 0.1045 0.3891 2.0000 0.1010 0.3935 2.0000 0.1078 0.3940 2.0000
0 0.0771 0.4063 0.0156 0.0366 0.0806 0.4030 2.0000 0.0849 0.4033 2.0000 0.0847 0.4099 2.0000 0.0795 0.4160 2.0000 0.0824 0.4164 2.0000
0 0.0503 0.4085 0.0166 0.0322 0.0000 0.0000 0.0000 0.0000 0.0000 0.0000 0.0000 0.0000 0.0000 0.0000 0.0000 0.0000 0.0000 0.0000 0.0000
0 0.3271 0.5329 0.0391 0.0673 0.3323 0.5204 2.0000 0.3449 0.5233 2.0000 0.3412 0.5304 2.0000 0.3351 0.5392 2.0000 0.3396 0.5405 2.0000
0 0.2505 0.4846 0.0264 0.0556 0.0000 0.0000 0.0000 0.0000 0.0000 0.0000 0.0000 0.0000 0.0000 0.0000 0.0000 0.0000 0.0000 0.0000 0.0000
0 0.3276 0.4327 0.0186 0.0366 0.0000 0.0000 0.0000 0.0000 0.0000 0.0000 0.0000 0.0000 0.0000 0.0000 0.0000 0.0000 0.0000 0.0000 0.0000
0 0.3813 0.4473 0.0166 0.0337 0.3832 0.4467 2.0000 0.3902 0.4482 2.0000 0.3890 0.4531 2.0000 0.3837 0.4596 2.0000 0.3875 0.4605 2.0000
0 0.4287 0.5286 0.0449 0.0849 0.0000 0.0000 0.0000 0.0000 0.0000 0.0000 0.0000 0.0000 0.0000 0.0000 0.0000 0.0000 0.0000 0.0000 0.0000
0 0.5293 0.5388 0.0469 0.0820 0.5253 0.5299 2.0000 0.5420 0.5268 2.0000 0.5371 0.5388 2.0000 0.5263 0.5566 2.0000 0.5427 0.5555 2.0000
0 0.5664 0.4780 0.0117 0.0220 0.0000 0.0000 0.0000 0.0000 0.0000 0.0000 0.0000 0.0000 0.0000 0.0000 0.0000 0.0000 0.0000 0.0000 0.0000
0 0.4741 0.4905 0.0264 0.0556 0.4699 0.4757 2.0000 0.4850 0.4761 2.0000 0.4770 0.4891 2.0000 0.4678 0.5078 2.0000 0.4814 0.5078 2.0000
0 0.5244 0.6515 0.0723 0.1142 0.5144 0.6372 2.0000 0.5470 0.6300 2.0000 0.5364 0.6408 2.0000 0.5249 0.6731 2.0000 0.5484 0.6638 2.0000
0 0.8125 0.5322 0.0762 0.1303 0.8058 0.5124 2.0000 0.8366 0.5198 2.0000 0.8295 0.5288 2.0000 0.8108 0.5560 2.0000 0.8333 0.5568 2.0000
0 0.7656 0.4634 0.0117 0.0366 0.0000 0.0000 0.0000 0.0000 0.0000 0.0000 0.0000 0.0000 0.0000 0.0000 0.0000 0.0000 0.0000 0.0000 0.0000
0 0.8345 0.4539 0.0166 0.0351 0.0000 0.0000 0.0000 0.0000 0.0000 0.0000 0.0000 0.0000 0.0000 0.0000 0.0000 0.0000 0.0000 0.0000 0.0000
0 0.8745 0.4780 0.0127 0.0249 0.0000 0.0000 0.0000 0.0000 0.0000 0.0000 0.0000 0.0000 0.0000 0.0000 0.0000 0.0000 0.0000 0.0000 0.0000
0 0.5981 0.5044 0.0303 0.0483 0.0000 0.0000 0.0000 0.0000 0.0000 0.0000 0.0000 0.0000 0.0000 0.0000 0.0000 0.0000 0.0000 0.0000 0.0000
0 0.2017 0.5073 0.0264 0.0512 0.0000 0.0000 0.0000 0.0000 0.0000 0.0000 0.0000 0.0000 0.0000 0.0000 0.0000 0.0000 0.0000 0.0000 0.0000
0 0.1655 0.4773 0.0225 0.0351 0.0000 0.0000 0.0000 0.0000 0.0000 0.0000 0.0000 0.0000 0.0000 0.0000 0.0000 0.0000 0.0000 0.0000 0.0000
0 0.1040 0.4539 0.0225 0.0351 0.0000 0.0000 0.0000 0.0000 0.0000 0.0000 0.0000 0.0000 0.0000 0.0000 0.0000 0.0000 0.0000 0.0000 0.0000
0 0.0122 0.3997 0.0146 0.0293 0.0123 0.3959 2.0000 0.0189 0.3974 2.0000 0.0164 0.4012 2.0000 0.0117 0.4063 2.0000 0.0167 0.4078 2.0000
0 0.7437 0.5344 0.0303 0.0556 0.0000 0.0000 0.0000 0.0000 0.0000 0.0000 0.0000 0.0000 0.0000 0.0000 0.0000 0.0000 0.0000 0.0000 0.0000
0 0.5063 0.5139 0.0225 0.0439 0.0000 0.0000 0.0000 0.0000 0.0000 0.0000 0.0000 0.0000 0.0000 0.0000 0.0000 0.0000 0.0000 0.0000 0.0000
0 0.0039 0.5176 0.0098 0.0366 0.0000 0.0000 0.0000 0.0000 0.0000 0.0000 0.0000 0.0000 0.0000 0.0000 0.0000 0.0000 0.0000 0.0000 0.0000
