0 0.6714 0.3514 0.0479 0.0791 0.6662 0.3265 2.0000 0.6877 0.3330 2.0000 0.6809 0.3481 2.0000 0.6702 0.3657 2.0000 0.6836 0.3687 2.0000
0 0.8428 0.4122 0.0312 0.0512 0.8396 0.4034 2.0000 0.8526 0.4080 2.0000 0.8448 0.4158 2.0000 0.8382 0.4230 2.0000 0.8467 0.4266 2.0000
0 0.8789 0.3521 0.0234 0.0366 0.8759 0.3470 2.0000 0.8868 0.3467 2.0000 0.8816 0.3540 2.0000 0.8774 0.3623 2.0000 0.8857 0.3620 2.0000
0 0.4590 0.2767 0.0488 0.0878 0.4558 0.2575 2.0000 0.4743 0.2647 2.0000 0.4665 0.2825 2.0000 0.4547 0.2947 2.0000 0.4710 0.3019 2.0000
0 0.1665 0.3902 0.0283 0.0395 0.0000 0.0000 0.0000 0.0000 0.0000 0.0000 0.0000 0.0000 0.0000 0.0000 0.0000 0.0000 0.0000 0.0000 0.0000
0 0.0859 0.3638 0.0195 0.0337 0.0000 0.0000 0.0000 0.0000 0.0000 0.0000 0.0000 0.0000 0.0000 0.0000 0.0000 0.0000 0.0000 0.0000 0.0000
0 0.2549 0.4122 0.0195 0.0307 0.0000 0.0000 0.0000 0.0000 0.0000 0.0000 0.0000 0.0000 0.0000 0.0000 0.0000 0.0000 0.0000 0.0000 0.0000
0 0.2969 0.3924 0.0117 0.0205 0.0000 0.0000 0.0000 0.0000 0.0000 0.0000 0.0000 0.0000 0.0000 0.0000 0.0000 0.0000 0.0000 0.0000 0.0000
0 0.2295 0.4034 0.0117 0.0190 0.0000 0.0000 0.0000 0.0000 0.0000 0.0000 0.0000 0.0000 0.0000 0.0000 0.0000 0.0000 0.0000 0.0000 0.0000
0 0.5337 0.4187 0.0205 0.0293 0.0000 0.0000 0.0000 0.0000 0.0000 0.0000 0.0000 0.0000 0.0000 0.0000 0.0000 0.0000 0.0000 0.0000 0.0000
0 0.7534 0.3939 0.0244 0.0381 0.0000 0.0000 0.0000 0.0000 0.0000 0.0000 0.0000 0.0000 0.0000 0.0000 0.0000 0.0000 0.0000 0.0000 0.0000
0 0.9380 0.3799 0.0166 0.0307 0.0000 0.0000 0.0000 0.0000 0.0000 0.0000 0.0000 0.0000 0.0000 0.0000 0.0000 0.0000 0.0000 0.0000 0.0000
