0 0.3530 0.3258 0.0498 0.0776 0.0000 0.0000 0.0000 0.0000 0.0000 0.0000 0.0000 0.0000 0.0000 0.0000 0.0000 0.0000 0.0000 0.0000 0.0000
0 0.2681 0.4297 0.0283 0.0454 0.0000 0.0000 0.0000 0.0000 0.0000 0.0000 0.0000 0.0000 0.0000 0.0000 0.0000 0.0000 0.0000 0.0000 0.0000
0 0.1211 0.4187 0.0371 0.0556 0.0000 0.0000 0.0000 0.0000 0.0000 0.0000 0.0000 0.0000 0.0000 0.0000 0.0000 0.0000 0.0000 0.0000 0.0000
0 0.0791 0.4173 0.0273 0.0469 0.0000 0.0000 0.0000 0.0000 0.0000 0.0000 0.0000 0.0000 0.0000 0.0000 0.0000 0.0000 0.0000 0.0000 0.0000
0 0.3052 0.4012 0.0166 0.0234 0.0000 0.0000 0.0000 0.0000 0.0000 0.0000 0.0000 0.0000 0.0000 0.0000 0.0000 0.0000 0.0000 0.0000 0.0000
0 0.7134 0.3338 0.0283 0.0527 0.0000 0.0000 0.0000 0.0000 0.0000 0.0000 0.0000 0.0000 0.0000 0.0000 0.0000 0.0000 0.0000 0.0000 0.0000
0 0.6177 0.3770 0.0303 0.0512 0.6264 0.3676 2.0000 0.6293 0.3673 2.0000 0.6328 0.3745 2.0000 0.6280 0.3843 2.0000 0.6288 0.3843 2.0000
0 0.4941 0.4283 0.0332 0.0571 0.5023 0.4186 2.0000 0.5071 0.4171 2.0000 0.5121 0.4308 2.0000 0.5042 0.4441 2.0000 0.5061 0.4419 2.0000
0 0.5239 0.3521 0.0166 0.0278 0.5219 0.3461 2.0000 0.5291 0.3459 2.0000 0.5248 0.3536 2.0000 0.5220 0.3596 2.0000 0.5276 0.3594 2.0000
0 0.9487 0.3814 0.0205 0.0337 0.0000 0.0000 0.0000 0.0000 0.0000 0.0000 0.0000 0.0000 0.0000 0.0000 0.0000 0.0000 0.0000 0.0000 0.0000
0 0.9053 0.3909 0.0117 0.0146 0.0000 0.0000 0.0000 0.0000 0.0000 0.0000 0.0000 0.0000 0.0000 0.0000 0.0000 0.0000 0.0000 0.0000 0.0000
