0 0.1553 0.1737 0.0098 0.0297 0.1549 0.1728 2.0000 0.1591 0.1732 2.0000 0.1575 0.1775 2.0000 0.1551 0.1853 2.0000 0.1587 0.1855 2.0000
0 0.1870 0.1758 0.0107 0.0339 0.1856 0.1746 2.0000 0.1907 0.1744 2.0000 0.1878 0.1802 2.0000 0.1863 0.1861 2.0000 0.1896 0.1861 2.0000
0 0.2173 0.1864 0.0107 0.0297 0.2148 0.1832 2.0000 0.2195 0.1830 2.0000 0.2170 0.1902 2.0000 0.2155 0.1951 2.0000 0.2202 0.1950 2.0000
0 0.2505 0.1843 0.0107 0.0297 0.2495 0.1820 2.0000 0.2549 0.1820 2.0000 0.2518 0.1884 2.0000 0.2499 0.1919 2.0000 0.2535 0.1919 2.0000
0 0.2822 0.1790 0.0117 0.0318 0.2806 0.1790 2.0000 0.2849 0.1790 2.0000 0.2826 0.1840 2.0000 0.2814 0.1890 2.0000 0.2848 0.1886 2.0000
0 0.2793 0.2436 0.0098 0.0297 0.2788 0.2424 2.0000 0.2825 0.2422 2.0000 0.2811 0.2505 2.0000 0.2794 0.2567 2.0000 0.2836 0.2562 2.0000
0 0.2441 0.2479 0.0117 0.0339 0.2423 0.2463 2.0000 0.2474 0.2456 2.0000 0.2445 0.2538 2.0000 0.2430 0.2576 2.0000 0.2470 0.2570 2.0000
0 0.2109 0.2489 0.0117 0.0318 0.2085 0.2473 2.0000 0.2140 0.2473 2.0000 0.2106 0.2537 2.0000 0.2091 0.2608 2.0000 0.2136 0.2606 2.0000
0 0.1787 0.2468 0.0117 0.0360 0.0000 0.0000 0.0000 0.0000 0.0000 0.0000 0.0000 0.0000 0.0000 0.0000 0.0000 0.0000 0.0000 0.0000 0.0000
0 0.1450 0.2458 0.0107 0.0297 0.1435 0.2454 2.0000 0.1483 0.2454 2.0000 0.1452 0.2510 2.0000 0.1441 0.2554 2.0000 0.1479 0.2550 2.0000
0 0.3052 0.3104 0.0107 0.0318 0.3041 0.3110 2.0000 0.3085 0.3110 2.0000 0.3064 0.3171 2.0000 0.3051 0.3233 2.0000 0.3080 0.3233 2.0000
0 0.2739 0.3136 0.0107 0.0297 0.2726 0.3144 2.0000 0.2769 0.3146 2.0000 0.2744 0.3201 2.0000 0.2725 0.3251 2.0000 0.2770 0.3253 2.0000
0 0.2378 0.3083 0.0107 0.0318 0.2360 0.3064 2.0000 0.2401 0.3064 2.0000 0.2377 0.3122 2.0000 0.2364 0.3185 2.0000 0.2401 0.3185 2.0000
0 0.2065 0.3104 0.0088 0.0275 0.0000 0.0000 0.0000 0.0000 0.0000 0.0000 0.0000 0.0000 0.0000 0.0000 0.0000 0.0000 0.0000 0.0000 0.0000
0 0.1743 0.3093 0.0088 0.0297 0.1737 0.3072 2.0000 0.1786 0.3078 2.0000 0.1752 0.3126 2.0000 0.1737 0.3167 2.0000 0.1767 0.3173 2.0000
0 0.1372 0.3125 0.0107 0.0318 0.0000 0.0000 0.0000 0.0000 0.0000 0.0000 0.0000 0.0000 0.0000 0.0000 0.0000 0.0000 0.0000 0.0000 0.0000
0 0.1328 0.3729 0.0117 0.0339 0.1309 0.3739 2.0000 0.1357 0.3739 2.0000 0.1330 0.3796 2.0000 0.1310 0.3866 2.0000 0.1351 0.3866 2.0000
0 0.1689 0.3782 0.0098 0.0318 0.1670 0.3776 2.0000 0.1725 0.3776 2.0000 0.1690 0.3840 2.0000 0.1672 0.3886 2.0000 0.1714 0.3886 2.0000
0 0.2007 0.3782 0.0107 0.0360 0.0000 0.0000 0.0000 0.0000 0.0000 0.0000 0.0000 0.0000 0.0000 0.0000 0.0000 0.0000 0.0000 0.0000 0.0000
0 0.2354 0.3782 0.0098 0.0318 0.2342 0.3758 2.0000 0.2383 0.3760 2.0000 0.2359 0.3816 2.0000 0.2348 0.3861 2.0000 0.2376 0.3863 2.0000
0 0.2690 0.3814 0.0107 0.0339 0.2682 0.3802 2.0000 0.2726 0.3809 2.0000 0.2698 0.3857 2.0000 0.2681 0.3904 2.0000 0.2716 0.3911 2.0000
0 0.3042 0.3771 0.0107 0.0339 0.3030 0.3758 2.0000 0.3068 0.3761 2.0000 0.3047 0.3822 2.0000 0.3035 0.3882 2.0000 0.3064 0.3885 2.0000
0 0.3174 0.1822 0.0117 0.0339 0.0000 0.0000 0.0000 0.0000 0.0000 0.0000 0.0000 0.0000 0.0000 0.0000 0.0000 0.0000 0.0000 0.0000 0.0000
0 0.3564 0.1758 0.0117 0.0339 0.3551 0.1750 2.0000 0.3597 0.1752 2.0000 0.3577 0.1833 2.0000 0.3559 0.1878 2.0000 0.3589 0.1878 2.0000
0 0.3926 0.1801 0.0117 0.0339 0.3913 0.1801 2.0000 0.3955 0.1803 2.0000 0.3930 0.1861 2.0000 0.3915 0.1920 2.0000 0.3944 0.1918 2.0000
0 0.4282 0.1780 0.0107 0.0339 0.4267 0.1792 2.0000 0.4315 0.1792 2.0000 0.4293 0.1851 2.0000 0.4276 0.1916 2.0000 0.4320 0.1912 2.0000
0 0.4243 0.2436 0.0107 0.0339 0.4239 0.2444 2.0000 0.4284 0.2458 2.0000 0.4260 0.2517 2.0000 0.4243 0.2569 2.0000 0.4270 0.2576 2.0000
0 0.3882 0.2447 0.0107 0.0318 0.3870 0.2449 2.0000 0.3908 0.2449 2.0000 0.3887 0.2518 2.0000 0.3867 0.2566 2.0000 0.3907 0.2564 2.0000
0 0.3496 0.2458 0.0098 0.0339 0.0000 0.0000 0.0000 0.0000 0.0000 0.0000 0.0000 0.0000 0.0000 0.0000 0.0000 0.0000 0.0000 0.0000 0.0000
0 0.3140 0.2447 0.0107 0.0318 0.0000 0.0000 0.0000 0.0000 0.0000 0.0000 0.0000 0.0000 0.0000 0.0000 0.0000 0.0000 0.0000 0.0000 0.0000
0 0.3442 0.3072 0.0107 0.0339 0.3413 0.3052 2.0000 0.3458 0.3054 2.0000 0.3436 0.3124 2.0000 0.3423 0.3187 2.0000 0.3449 0.3187 2.0000
0 0.3833 0.3040 0.0127 0.0318 0.0000 0.0000 0.0000 0.0000 0.0000 0.0000 0.0000 0.0000 0.0000 0.0000 0.0000 0.0000 0.0000 0.0000 0.0000
0 0.4185 0.3051 0.0107 0.0339 0.4166 0.3058 2.0000 0.4208 0.3053 2.0000 0.4184 0.3108 2.0000 0.4173 0.3164 2.0000 0.4204 0.3160 2.0000
0 0.4536 0.3061 0.0107 0.0318 0.4533 0.3074 2.0000 0.4575 0.3083 2.0000 0.4555 0.3137 2.0000 0.4528 0.3170 2.0000 0.4589 0.3165 2.0000
0 0.4536 0.3761 0.0107 0.0318 0.4527 0.3763 2.0000 0.4570 0.3763 2.0000 0.4546 0.3804 2.0000 0.4535 0.3869 2.0000 0.4559 0.3869 2.0000
0 0.4180 0.3739 0.0117 0.0318 0.4158 0.3739 2.0000 0.4215 0.3734 2.0000 0.4181 0.3802 2.0000 0.4168 0.3845 2.0000 0.4205 0.3843 2.0000
0 0.3770 0.3739 0.0117 0.0360 0.3761 0.3739 2.0000 0.3807 0.3742 2.0000 0.3781 0.3787 2.0000 0.3765 0.3832 2.0000 0.3796 0.3834 2.0000
0 0.3394 0.3708 0.0107 0.0339 0.3380 0.3715 2.0000 0.3420 0.3715 2.0000 0.3401 0.3774 2.0000 0.3386 0.3842 2.0000 0.3416 0.3842 2.0000
0 0.4658 0.1758 0.0117 0.0339 0.0000 0.0000 0.0000 0.0000 0.0000 0.0000 0.0000 0.0000 0.0000 0.0000 0.0000 0.0000 0.0000 0.0000 0.0000
0 0.5029 0.1695 0.0098 0.0297 0.5006 0.1706 2.0000 0.5053 0.1700 2.0000 0.5032 0.1779 2.0000 0.5013 0.1874 2.0000 0.5054 0.1874 2.0000
0 0.5400 0.1727 0.0098 0.0318 0.5393 0.1723 2.0000 0.5447 0.1723 2.0000 0.5417 0.1789 2.0000 0.5404 0.1854 2.0000 0.5438 0.1854 2.0000
0 0.5767 0.1716 0.0107 0.0339 0.0000 0.0000 0.0000 0.0000 0.0000 0.0000 0.0000 0.0000 0.0000 0.0000 0.0000 0.0000 0.0000 0.0000 0.0000
0 0.6152 0.1653 0.0117 0.0339 0.6132 0.1625 2.0000 0.6176 0.1628 2.0000 0.6155 0.1691 2.0000 0.6137 0.1755 2.0000 0.6181 0.1752 2.0000
0 0.6104 0.2352 0.0117 0.0381 0.6085 0.2343 2.0000 0.6136 0.2341 2.0000 0.6110 0.2417 2.0000 0.6086 0.2466 2.0000 0.6137 0.2471 2.0000
0 0.5747 0.2405 0.0107 0.0318 0.5741 0.2385 2.0000 0.5790 0.2392 2.0000 0.5765 0.2457 2.0000 0.5739 0.2487 2.0000 0.5792 0.2489 2.0000
0 0.5381 0.2320 0.0098 0.0318 0.0000 0.0000 0.0000 0.0000 0.0000 0.0000 0.0000 0.0000 0.0000 0.0000 0.0000 0.0000 0.0000 0.0000 0.0000
0 0.4971 0.2331 0.0098 0.0339 0.4973 0.2324 2.0000 0.5007 0.2324 2.0000 0.4990 0.2382 2.0000 0.4968 0.2441 2.0000 0.5006 0.2437 2.0000
0 0.4614 0.2383 0.0107 0.0318 0.0000 0.0000 0.0000 0.0000 0.0000 0.0000 0.0000 0.0000 0.0000 0.0000 0.0000 0.0000 0.0000 0.0000 0.0000
0 0.4932 0.3083 0.0098 0.0318 0.0000 0.0000 0.0000 0.0000 0.0000 0.0000 0.0000 0.0000 0.0000 0.0000 0.0000 0.0000 0.0000 0.0000 0.0000
0 0.5322 0.3008 0.0117 0.0339 0.0000 0.0000 0.0000 0.0000 0.0000 0.0000 0.0000 0.0000 0.0000 0.0000 0.0000 0.0000 0.0000 0.0000 0.0000
0 0.5708 0.3008 0.0107 0.0339 0.5696 0.3004 2.0000 0.5747 0.3008 2.0000 0.5722 0.3067 2.0000 0.5706 0.3115 2.0000 0.5737 0.3119 2.0000
0 0.6089 0.2903 0.0107 0.0381 0.6078 0.2911 2.0000 0.6129 0.2914 2.0000 0.6102 0.2985 2.0000 0.6085 0.3029 2.0000 0.6119 0.3032 2.0000
0 0.6030 0.3665 0.0107 0.0339 0.6017 0.3673 2.0000 0.6062 0.3675 2.0000 0.6038 0.3734 2.0000 0.6020 0.3786 2.0000 0.6056 0.3791 2.0000
0 0.5679 0.3676 0.0107 0.0360 0.5666 0.3696 2.0000 0.5715 0.3698 2.0000 0.5693 0.3748 2.0000 0.5667 0.3802 2.0000 0.5713 0.3798 2.0000
0 0.5303 0.3708 0.0117 0.0339 0.0000 0.0000 0.0000 0.0000 0.0000 0.0000 0.0000 0.0000 0.0000 0.0000 0.0000 0.0000 0.0000 0.0000 0.0000
0 0.4897 0.3729 0.0107 0.0381 0.4883 0.3718 2.0000 0.4931 0.3718 2.0000 0.4906 0.3789 2.0000 0.4884 0.3836 2.0000 0.4930 0.3839 2.0000
0 0.6514 0.1663 0.0117 0.0318 0.0000 0.0000 0.0000 0.0000 0.0000 0.0000 0.0000 0.0000 0.0000 0.0000 0.0000 0.0000 0.0000 0.0000 0.0000
0 0.6880 0.1610 0.0107 0.0339 0.0000 0.0000 0.0000 0.0000 0.0000 0.0000 0.0000 0.0000 0.0000 0.0000 0.0000 0.0000 0.0000 0.0000 0.0000
0 0.7285 0.1589 0.0117 0.0339 0.7277 0.1574 2.0000 0.7328 0.1579 2.0000 0.7304 0.1633 2.0000 0.7285 0.1676 2.0000 0.7318 0.1676 2.0000
0 0.7695 0.1547 0.0117 0.0339 0.7685 0.1525 2.0000 0.7737 0.1531 2.0000 0.7712 0.1620 2.0000 0.7695 0.1668 2.0000 0.7724 0.1664 2.0000
0 0.8081 0.1536 0.0127 0.0360 0.8059 0.1522 2.0000 0.8108 0.1517 2.0000 0.8083 0.1583 2.0000 0.8067 0.1665 2.0000 0.8104 0.1658 2.0000
0 0.8467 0.1451 0.0117 0.0360 0.8456 0.1432 2.0000 0.8502 0.1428 2.0000 0.8481 0.1496 2.0000 0.8462 0.1555 2.0000 0.8498 0.1551 2.0000
0 0.8442 0.2161 0.0127 0.0381 0.8427 0.2160 2.0000 0.8471 0.2158 2.0000 0.8452 0.2217 2.0000 0.8433 0.2281 2.0000 0.8466 0.2281 2.0000
0 0.8052 0.2214 0.0107 0.0318 0.0000 0.0000 0.0000 0.0000 0.0000 0.0000 0.0000 0.0000 0.0000 0.0000 0.0000 0.0000 0.0000 0.0000 0.0000
0 0.7676 0.2246 0.0117 0.0339 0.7667 0.2237 2.0000 0.7710 0.2243 2.0000 0.7688 0.2298 2.0000 0.7671 0.2339 2.0000 0.7702 0.2343 2.0000
0 0.7295 0.2278 0.0117 0.0318 0.7289 0.2251 2.0000 0.7342 0.2255 2.0000 0.7313 0.2315 2.0000 0.7291 0.2376 2.0000 0.7335 0.2376 2.0000
0 0.6875 0.2288 0.0117 0.0339 0.6861 0.2260 2.0000 0.6905 0.2264 2.0000 0.6879 0.2320 2.0000 0.6865 0.2384 2.0000 0.6898 0.2381 2.0000
0 0.6484 0.2299 0.0117 0.0318 0.6461 0.2279 2.0000 0.6508 0.2275 2.0000 0.6483 0.2344 2.0000 0.6469 0.2396 2.0000 0.6504 0.2396 2.0000
0 0.8042 0.2924 0.0107 0.0339 0.8030 0.2922 2.0000 0.8074 0.2922 2.0000 0.8055 0.2993 2.0000 0.8035 0.3043 2.0000 0.8066 0.3045 2.0000
0 0.7671 0.2881 0.0127 0.0339 0.7647 0.2884 2.0000 0.7700 0.2884 2.0000 0.7672 0.2943 2.0000 0.7656 0.3014 2.0000 0.7701 0.3016 2.0000
0 0.7290 0.2945 0.0107 0.0339 0.0000 0.0000 0.0000 0.0000 0.0000 0.0000 0.0000 0.0000 0.0000 0.0000 0.0000 0.0000 0.0000 0.0000 0.0000
0 0.6831 0.2977 0.0127 0.0360 0.6811 0.2960 2.0000 0.6861 0.2958 2.0000 0.6827 0.3040 2.0000 0.6815 0.3088 2.0000 0.6844 0.3088 2.0000
0 0.6455 0.2998 0.0117 0.0360 0.0000 0.0000 0.0000 0.0000 0.0000 0.0000 0.0000 0.0000 0.0000 0.0000 0.0000 0.0000 0.0000 0.0000 0.0000
0 0.6416 0.3655 0.0117 0.0318 0.6414 0.3651 2.0000 0.6457 0.3651 2.0000 0.6438 0.3701 2.0000 0.6419 0.3753 2.0000 0.6454 0.3753 2.0000
0 0.6816 0.3718 0.0098 0.0318 0.0000 0.0000 0.0000 0.0000 0.0000 0.0000 0.0000 0.0000 0.0000 0.0000 0.0000 0.0000 0.0000 0.0000 0.0000
0 0.7256 0.3655 0.0117 0.0360 0.7233 0.3640 2.0000 0.7282 0.3648 2.0000 0.7258 0.3700 2.0000 0.7240 0.3749 2.0000 0.7280 0.3754 2.0000
0 0.7661 0.3655 0.0127 0.0360 0.7644 0.3645 2.0000 0.7692 0.3643 2.0000 0.7667 0.3716 2.0000 0.7647 0.3747 2.0000 0.7694 0.3745 2.0000
0 0.8042 0.3591 0.0107 0.0318 0.0000 0.0000 0.0000 0.0000 0.0000 0.0000 0.0000 0.0000 0.0000 0.0000 0.0000 0.0000 0.0000 0.0000 0.0000
0 0.8052 0.4354 0.0107 0.0360 0.8033 0.4344 2.0000 0.8081 0.4351 2.0000 0.8057 0.4423 2.0000 0.8034 0.4482 2.0000 0.8070 0.4482 2.0000
0 0.7637 0.4364 0.0117 0.0339 0.7626 0.4351 2.0000 0.7675 0.4351 2.0000 0.7652 0.4412 2.0000 0.7629 0.4453 2.0000 0.7667 0.4460 2.0000
0 0.7217 0.4396 0.0117 0.0360 0.7196 0.4398 2.0000 0.7243 0.4393 2.0000 0.7217 0.4468 2.0000 0.7194 0.4498 2.0000 0.7243 0.4502 2.0000
0 0.6826 0.4386 0.0117 0.0339 0.0000 0.0000 0.0000 0.0000 0.0000 0.0000 0.0000 0.0000 0.0000 0.0000 0.0000 0.0000 0.0000 0.0000 0.0000
0 0.6392 0.4386 0.0127 0.0339 0.6359 0.4358 2.0000 0.6408 0.4358 2.0000 0.6382 0.4406 2.0000 0.6361 0.4476 2.0000 0.6405 0.4476 2.0000
0 0.8828 0.1335 0.0117 0.0297 0.8815 0.1327 2.0000 0.8863 0.1323 2.0000 0.8836 0.1371 2.0000 0.8826 0.1451 2.0000 0.8861 0.1449 2.0000
0 0.8838 0.2161 0.0117 0.0297 0.8819 0.2148 2.0000 0.8864 0.2154 2.0000 0.8838 0.2209 2.0000 0.8823 0.2265 2.0000 0.8855 0.2265 2.0000
0 0.8882 0.2860 0.0127 0.0339 0.8869 0.2845 2.0000 0.8924 0.2845 2.0000 0.8903 0.2890 2.0000 0.8880 0.2947 2.0000 0.8921 0.2945 2.0000
0 0.8447 0.2977 0.0117 0.0318 0.8431 0.2955 2.0000 0.8485 0.2953 2.0000 0.8459 0.3018 2.0000 0.8440 0.3090 2.0000 0.8474 0.3090 2.0000
0 0.8438 0.3591 0.0117 0.0318 0.8422 0.3587 2.0000 0.8472 0.3589 2.0000 0.8446 0.3645 2.0000 0.8427 0.3693 2.0000 0.8464 0.3693 2.0000
0 0.8931 0.3602 0.0107 0.0339 0.8914 0.3597 2.0000 0.8964 0.3584 2.0000 0.8943 0.3654 2.0000 0.8928 0.3730 2.0000 0.8965 0.3725 2.0000
0 0.8452 0.4375 0.0127 0.0318 0.8428 0.4350 2.0000 0.8480 0.4334 2.0000 0.8457 0.4406 2.0000 0.8440 0.4469 2.0000 0.8477 0.4465 2.0000
0 0.8906 0.4301 0.0117 0.0339 0.8903 0.4281 2.0000 0.8946 0.4281 2.0000 0.8929 0.4331 2.0000 0.8908 0.4396 2.0000 0.8946 0.4392 2.0000
0 0.9541 0.5657 0.0137 0.0381 0.9532 0.5647 2.0000 0.9595 0.5644 2.0000 0.9562 0.5721 2.0000 0.9540 0.5772 2.0000 0.9593 0.5772 2.0000
0 0.9390 0.5350 0.0127 0.0360 0.0000 0.0000 0.0000 0.0000 0.0000 0.0000 0.0000 0.0000 0.0000 0.0000 0.0000 0.0000 0.0000 0.0000 0.0000
0 0.9253 0.5805 0.0127 0.0339 0.9229 0.5798 2.0000 0.9281 0.5796 2.0000 0.9255 0.5864 2.0000 0.9240 0.5909 2.0000 0.9274 0.5909 2.0000
0 0.8887 0.5064 0.0117 0.0339 0.8879 0.5070 2.0000 0.8931 0.5076 2.0000 0.8903 0.5107 2.0000 0.8876 0.5196 2.0000 0.8929 0.5203 2.0000
0 0.8945 0.5890 0.0117 0.0339 0.8932 0.5907 2.0000 0.8971 0.5907 2.0000 0.8952 0.5964 2.0000 0.8938 0.5996 2.0000 0.8966 0.5998 2.0000
0 0.8701 0.6059 0.0117 0.0381 0.8692 0.6063 2.0000 0.8740 0.6066 2.0000 0.8718 0.6125 2.0000 0.8700 0.6191 2.0000 0.8728 0.6189 2.0000
0 0.8496 0.5837 0.0117 0.0360 0.8486 0.5813 2.0000 0.8531 0.5811 2.0000 0.8511 0.5872 2.0000 0.8496 0.5955 2.0000 0.8530 0.5953 2.0000
0 0.8560 0.6642 0.0127 0.0318 0.0000 0.0000 0.0000 0.0000 0.0000 0.0000 0.0000 0.0000 0.0000 0.0000 0.0000 0.0000 0.0000 0.0000 0.0000
0 0.8281 0.6123 0.0137 0.0381 0.8263 0.6111 2.0000 0.8325 0.6111 2.0000 0.8288 0.6162 2.0000 0.8263 0.6231 2.0000 0.8325 0.6219 2.0000
0 0.8052 0.6727 0.0146 0.0360 0.8028 0.6696 2.0000 0.8085 0.6698 2.0000 0.8057 0.6767 2.0000 0.8038 0.6812 2.0000 0.8084 0.6819 2.0000
0 0.8042 0.5911 0.0127 0.0339 0.8021 0.5910 2.0000 0.8068 0.5912 2.0000 0.8040 0.5971 2.0000 0.8021 0.6028 2.0000 0.8058 0.6028 2.0000
0 0.8467 0.5064 0.0117 0.0339 0.8454 0.5063 2.0000 0.8503 0.5065 2.0000 0.8480 0.5111 2.0000 0.8459 0.5174 2.0000 0.8501 0.5176 2.0000
0 0.8062 0.5074 0.0127 0.0360 0.8052 0.5074 2.0000 0.8106 0.5076 2.0000 0.8071 0.5143 2.0000 0.8054 0.5197 2.0000 0.8095 0.5197 2.0000
0 0.8833 0.7680 0.0127 0.0318 0.8817 0.7658 2.0000 0.8872 0.7660 2.0000 0.8843 0.7751 2.0000 0.8810 0.7784 2.0000 0.8871 0.7782 2.0000
0 0.7983 0.7701 0.0127 0.0318 0.7965 0.7689 2.0000 0.8018 0.7677 2.0000 0.7993 0.7752 2.0000 0.7982 0.7824 2.0000 0.8022 0.7818 2.0000
0 0.7803 0.7161 0.0137 0.0339 0.7780 0.7124 2.0000 0.7836 0.7146 2.0000 0.7798 0.7204 2.0000 0.7775 0.7239 2.0000 0.7823 0.7265 2.0000
0 0.7446 0.6589 0.0127 0.0339 0.7435 0.6583 2.0000 0.7481 0.6560 2.0000 0.7463 0.6631 2.0000 0.7439 0.6687 2.0000 0.7499 0.6681 2.0000
0 0.7051 0.7585 0.0137 0.0381 0.7038 0.7567 2.0000 0.7095 0.7577 2.0000 0.7058 0.7644 2.0000 0.7025 0.7662 2.0000 0.7105 0.7682 2.0000
0 0.6943 0.6653 0.0137 0.0381 0.6923 0.6674 2.0000 0.6977 0.6681 2.0000 0.6946 0.6750 2.0000 0.6928 0.6784 2.0000 0.6966 0.6784 2.0000
0 0.7603 0.5890 0.0127 0.0381 0.7570 0.5867 2.0000 0.7632 0.5867 2.0000 0.7601 0.5936 2.0000 0.7578 0.6002 2.0000 0.7623 0.6002 2.0000
0 0.7627 0.5074 0.0137 0.0403 0.7615 0.5067 2.0000 0.7665 0.5067 2.0000 0.7639 0.5126 2.0000 0.7614 0.5190 2.0000 0.7675 0.5192 2.0000
0 0.7173 0.5985 0.0127 0.0360 0.7154 0.5969 2.0000 0.7202 0.5966 2.0000 0.7172 0.6030 2.0000 0.7155 0.6075 2.0000 0.7197 0.6075 2.0000
0 0.6777 0.5932 0.0117 0.0339 0.6764 0.5934 2.0000 0.6812 0.5932 2.0000 0.6789 0.5998 2.0000 0.6770 0.6043 2.0000 0.6807 0.6043 2.0000
0 0.7212 0.5148 0.0127 0.0339 0.7195 0.5131 2.0000 0.7245 0.5135 2.0000 0.7217 0.5200 2.0000 0.7190 0.5233 2.0000 0.7237 0.5244 2.0000
0 0.6777 0.5138 0.0137 0.0318 0.6758 0.5119 2.0000 0.6809 0.5125 2.0000 0.6779 0.5194 2.0000 0.6756 0.5240 2.0000 0.6806 0.5242 2.0000
0 0.0591 0.5678 0.0127 0.0339 0.0587 0.5684 2.0000 0.0632 0.5689 2.0000 0.0610 0.5726 2.0000 0.0590 0.5778 2.0000 0.0624 0.5782 2.0000
0 0.0757 0.5879 0.0107 0.0318 0.0756 0.5859 2.0000 0.0799 0.5863 2.0000 0.0779 0.5919 2.0000 0.0757 0.5983 2.0000 0.0790 0.5986 2.0000
0 0.0986 0.5900 0.0098 0.0275 0.0000 0.0000 0.0000 0.0000 0.0000 0.0000 0.0000 0.0000 0.0000 0.0000 0.0000 0.0000 0.0000 0.0000 0.0000
0 0.1118 0.6049 0.0127 0.0318 0.1097 0.6032 2.0000 0.1134 0.6028 2.0000 0.1113 0.6099 2.0000 0.1099 0.6138 2.0000 0.1136 0.6136 2.0000
0 0.1387 0.5953 0.0117 0.0297 0.1368 0.5931 2.0000 0.1413 0.5933 2.0000 0.1392 0.5993 2.0000 0.1371 0.6063 2.0000 0.1405 0.6063 2.0000
0 0.1123 0.5138 0.0117 0.0318 0.1112 0.5159 2.0000 0.1160 0.5159 2.0000 0.1131 0.5224 2.0000 0.1111 0.5265 2.0000 0.1157 0.5263 2.0000
0 0.1470 0.5212 0.0107 0.0297 0.1448 0.5180 2.0000 0.1496 0.5180 2.0000 0.1471 0.5231 2.0000 0.1462 0.5297 2.0000 0.1482 0.5297 2.0000
0 0.1812 0.5127 0.0107 0.0297 0.0000 0.0000 0.0000 0.0000 0.0000 0.0000 0.0000 0.0000 0.0000 0.0000 0.0000 0.0000 0.0000 0.0000 0.0000
0 0.2158 0.5148 0.0098 0.0297 0.2145 0.5139 2.0000 0.2190 0.5137 2.0000 0.2171 0.5207 2.0000 0.2151 0.5246 2.0000 0.2186 0.5246 2.0000
0 0.2554 0.5180 0.0107 0.0318 0.2542 0.5180 2.0000 0.2580 0.5178 2.0000 0.2561 0.5232 2.0000 0.2544 0.5264 2.0000 0.2578 0.5261 2.0000
0 0.2490 0.5890 0.0098 0.0297 0.2473 0.5879 2.0000 0.2522 0.5879 2.0000 0.2492 0.5940 2.0000 0.2478 0.5978 2.0000 0.2506 0.5980 2.0000
0 0.2056 0.5900 0.0107 0.0318 0.0000 0.0000 0.0000 0.0000 0.0000 0.0000 0.0000 0.0000 0.0000 0.0000 0.0000 0.0000 0.0000 0.0000 0.0000
0 0.1704 0.5922 0.0107 0.0318 0.1690 0.5936 2.0000 0.1735 0.5936 2.0000 0.1705 0.6019 2.0000 0.1692 0.6049 2.0000 0.1723 0.6051 2.0000
0 0.2285 0.6642 0.0117 0.0318 0.2281 0.6638 2.0000 0.2328 0.6628 2.0000 0.2306 0.6715 2.0000 0.2294 0.6761 2.0000 0.2327 0.6757 2.0000
0 0.1743 0.6653 0.0127 0.0297 0.0000 0.0000 0.0000 0.0000 0.0000 0.0000 0.0000 0.0000 0.0000 0.0000 0.0000 0.0000 0.0000 0.0000 0.0000
0 0.1851 0.7256 0.0127 0.0360 0.1842 0.7233 2.0000 0.1894 0.7235 2.0000 0.1868 0.7313 2.0000 0.1845 0.7377 2.0000 0.1884 0.7382 2.0000
0 0.1445 0.6970 0.0137 0.0339 0.1426 0.6959 2.0000 0.1473 0.6959 2.0000 0.1451 0.7009 2.0000 0.1424 0.7053 2.0000 0.1473 0.7042 2.0000
0 0.1270 0.6600 0.0117 0.0318 0.1267 0.6602 2.0000 0.1303 0.6596 2.0000 0.1288 0.6656 2.0000 0.1261 0.6698 2.0000 0.1298 0.6693 2.0000
0 0.0811 0.6494 0.0137 0.0360 0.0000 0.0000 0.0000 0.0000 0.0000 0.0000 0.0000 0.0000 0.0000 0.0000 0.0000 0.0000 0.0000 0.0000 0.0000
0 0.1006 0.7436 0.0137 0.0339 0.0993 0.7421 2.0000 0.1053 0.7424 2.0000 0.1016 0.7469 2.0000 0.0991 0.7514 2.0000 0.1050 0.7526 2.0000
0 0.0483 0.7341 0.0146 0.0360 0.0471 0.7299 2.0000 0.0516 0.7313 2.0000 0.0492 0.7355 2.0000 0.0469 0.7400 2.0000 0.0517 0.7414 2.0000
0 0.2573 0.6568 0.0127 0.0297 0.2551 0.6538 2.0000 0.2596 0.6519 2.0000 0.2571 0.6570 2.0000 0.2554 0.6636 2.0000 0.2607 0.6615 2.0000
0 0.2837 0.6981 0.0127 0.0275 0.2830 0.6973 2.0000 0.2880 0.6964 2.0000 0.2857 0.7041 2.0000 0.2834 0.7071 2.0000 0.2872 0.7073 2.0000
0 0.3130 0.7606 0.0127 0.0339 0.3115 0.7616 2.0000 0.3164 0.7632 2.0000 0.3145 0.7686 2.0000 0.3110 0.7720 2.0000 0.3155 0.7732 2.0000
0 0.3745 0.7140 0.0146 0.0339 0.3724 0.7126 2.0000 0.3772 0.7110 2.0000 0.3747 0.7176 2.0000 0.3735 0.7228 2.0000 0.3779 0.7210 2.0000
0 0.3408 0.6706 0.0117 0.0360 0.3382 0.6707 2.0000 0.3429 0.6687 2.0000 0.3407 0.6789 2.0000 0.3391 0.6834 2.0000 0.3441 0.6811 2.0000
0 0.3262 0.6653 0.0137 0.0339 0.3242 0.6678 2.0000 0.3289 0.6676 2.0000 0.3262 0.6737 2.0000 0.3247 0.6774 2.0000 0.3282 0.6776 2.0000
0 0.4438 0.7097 0.0107 0.0339 0.4446 0.7072 2.0000 0.4490 0.7102 2.0000 0.4473 0.7158 2.0000 0.4433 0.7177 2.0000 0.4474 0.7214 2.0000
0 0.4102 0.6684 0.0117 0.0318 0.0000 0.0000 0.0000 0.0000 0.0000 0.0000 0.0000 0.0000 0.0000 0.0000 0.0000 0.0000 0.0000 0.0000 0.0000
0 0.4409 0.5996 0.0107 0.0339 0.0000 0.0000 0.0000 0.0000 0.0000 0.0000 0.0000 0.0000 0.0000 0.0000 0.0000 0.0000 0.0000 0.0000 0.0000
0 0.4014 0.5932 0.0098 0.0297 0.0000 0.0000 0.0000 0.0000 0.0000 0.0000 0.0000 0.0000 0.0000 0.0000 0.0000 0.0000 0.0000 0.0000 0.0000
0 0.3633 0.5847 0.0117 0.0297 0.3615 0.5855 2.0000 0.3660 0.5851 2.0000 0.3639 0.5909 2.0000 0.3620 0.5973 2.0000 0.3656 0.5971 2.0000
0 0.3247 0.5953 0.0107 0.0297 0.3220 0.5919 2.0000 0.3269 0.5919 2.0000 0.3239 0.5974 2.0000 0.3225 0.6031 2.0000 0.3260 0.6035 2.0000
0 0.2847 0.5953 0.0107 0.0339 0.0000 0.0000 0.0000 0.0000 0.0000 0.0000 0.0000 0.0000 0.0000 0.0000 0.0000 0.0000 0.0000 0.0000 0.0000
0 0.6240 0.7044 0.0117 0.0318 0.6226 0.7022 2.0000 0.6286 0.7022 2.0000 0.6252 0.7107 2.0000 0.6233 0.7147 2.0000 0.6287 0.7130 2.0000
0 0.6587 0.6695 0.0127 0.0297 0.6576 0.6680 2.0000 0.6626 0.6680 2.0000 0.6602 0.6743 2.0000 0.6578 0.6785 2.0000 0.6619 0.6789 2.0000
0 0.5786 0.7669 0.0127 0.0297 0.0000 0.0000 0.0000 0.0000 0.0000 0.0000 0.0000 0.0000 0.0000 0.0000 0.0000 0.0000 0.0000 0.0000 0.0000
0 0.5630 0.6769 0.0127 0.0318 0.5614 0.6767 2.0000 0.5661 0.6782 2.0000 0.5632 0.6838 2.0000 0.5611 0.6898 2.0000 0.5655 0.6896 2.0000
0 0.5898 0.6706 0.0117 0.0318 0.0000 0.0000 0.0000 0.0000 0.0000 0.0000 0.0000 0.0000 0.0000 0.0000 0.0000 0.0000 0.0000 0.0000 0.0000
0 0.6367 0.5964 0.0117 0.0318 0.6350 0.5950 2.0000 0.6399 0.5948 2.0000 0.6373 0.6016 2.0000 0.6363 0.6085 2.0000 0.6393 0.6081 2.0000
0 0.5952 0.5890 0.0107 0.0297 0.5931 0.5898 2.0000 0.5972 0.5900 2.0000 0.5948 0.5962 2.0000 0.5932 0.6010 2.0000 0.5975 0.6016 2.0000
0 0.5547 0.5964 0.0098 0.0318 0.0000 0.0000 0.0000 0.0000 0.0000 0.0000 0.0000 0.0000 0.0000 0.0000 0.0000 0.0000 0.0000 0.0000 0.0000
0 0.5190 0.6028 0.0088 0.0318 0.5177 0.6002 2.0000 0.5226 0.6004 2.0000 0.5199 0.6041 2.0000 0.5184 0.6111 2.0000 0.5214 0.6111 2.0000
0 0.4810 0.6038 0.0107 0.0254 0.0000 0.0000 0.0000 0.0000 0.0000 0.0000 0.0000 0.0000 0.0000 0.0000 0.0000 0.0000 0.0000 0.0000 0.0000
0 0.5156 0.7182 0.0117 0.0339 0.5146 0.7151 2.0000 0.5199 0.7166 2.0000 0.5166 0.7228 2.0000 0.5146 0.7270 2.0000 0.5193 0.7282 2.0000
0 0.4990 0.6875 0.0117 0.0318 0.4975 0.6854 2.0000 0.5020 0.6884 2.0000 0.4985 0.6936 2.0000 0.4960 0.6948 2.0000 0.5004 0.6994 2.0000
0 0.4717 0.7172 0.0117 0.0318 0.4699 0.7145 2.0000 0.4753 0.7161 2.0000 0.4715 0.7247 2.0000 0.4695 0.7303 2.0000 0.4733 0.7307 2.0000
0 0.4629 0.6653 0.0117 0.0339 0.4619 0.6663 2.0000 0.4664 0.6663 2.0000 0.4641 0.6715 2.0000 0.4619 0.6752 2.0000 0.4658 0.6752 2.0000
0 0.1279 0.4417 0.0098 0.0275 0.1257 0.4408 2.0000 0.1297 0.4403 2.0000 0.1276 0.4460 2.0000 0.1254 0.4514 2.0000 0.1297 0.4516 2.0000
0 0.1611 0.4428 0.0117 0.0297 0.0000 0.0000 0.0000 0.0000 0.0000 0.0000 0.0000 0.0000 0.0000 0.0000 0.0000 0.0000 0.0000 0.0000 0.0000
0 0.1943 0.4428 0.0098 0.0297 0.1924 0.4431 2.0000 0.1966 0.4435 2.0000 0.1941 0.4524 2.0000 0.1932 0.4597 2.0000 0.1967 0.4592 2.0000
0 0.2285 0.4481 0.0098 0.0275 0.2267 0.4457 2.0000 0.2312 0.4459 2.0000 0.2287 0.4510 2.0000 0.2273 0.4571 2.0000 0.2297 0.4573 2.0000
0 0.2632 0.4449 0.0107 0.0297 0.2598 0.4436 2.0000 0.2653 0.4438 2.0000 0.2620 0.4508 2.0000 0.2604 0.4571 2.0000 0.2640 0.4569 2.0000
0 0.2910 0.5106 0.0098 0.0297 0.0000 0.0000 0.0000 0.0000 0.0000 0.0000 0.0000 0.0000 0.0000 0.0000 0.0000 0.0000 0.0000 0.0000 0.0000
0 0.3291 0.5159 0.0098 0.0275 0.3274 0.5160 2.0000 0.3327 0.5166 2.0000 0.3298 0.5214 2.0000 0.3281 0.5284 2.0000 0.3317 0.5286 2.0000
0 0.3677 0.5148 0.0088 0.0297 0.0000 0.0000 0.0000 0.0000 0.0000 0.0000 0.0000 0.0000 0.0000 0.0000 0.0000 0.0000 0.0000 0.0000 0.0000
0 0.3730 0.4449 0.0098 0.0339 0.3714 0.4453 2.0000 0.3761 0.4451 2.0000 0.3735 0.4523 2.0000 0.3721 0.4582 2.0000 0.3760 0.4577 2.0000
0 0.3364 0.4428 0.0107 0.0297 0.3352 0.4448 2.0000 0.3400 0.4454 2.0000 0.3371 0.4500 2.0000 0.3361 0.4564 2.0000 0.3388 0.4568 2.0000
0 0.2979 0.4439 0.0098 0.0318 0.2971 0.4454 2.0000 0.3014 0.4458 2.0000 0.2990 0.4527 2.0000 0.2971 0.4561 2.0000 0.3002 0.4567 2.0000
0 0.6348 0.5148 0.0117 0.0297 0.6337 0.5115 2.0000 0.6383 0.5115 2.0000 0.6360 0.5189 2.0000 0.6341 0.5234 2.0000 0.6375 0.5234 2.0000
0 0.5972 0.5053 0.0107 0.0318 0.5948 0.5028 2.0000 0.6002 0.5041 2.0000 0.5970 0.5078 2.0000 0.5951 0.5155 2.0000 0.5995 0.5174 2.0000
0 0.5986 0.4386 0.0117 0.0339 0.5972 0.4399 2.0000 0.6018 0.4406 2.0000 0.5994 0.4495 2.0000 0.5978 0.4547 2.0000 0.6010 0.4547 2.0000
0 0.5615 0.4407 0.0117 0.0297 0.5599 0.4396 2.0000 0.5651 0.4394 2.0000 0.5623 0.4453 2.0000 0.5602 0.4521 2.0000 0.5646 0.4521 2.0000
0 0.5581 0.5106 0.0107 0.0339 0.5556 0.5071 2.0000 0.5608 0.5064 2.0000 0.5584 0.5127 2.0000 0.5562 0.5202 2.0000 0.5598 0.5193 2.0000
0 0.5181 0.5180 0.0107 0.0318 0.5160 0.5168 2.0000 0.5206 0.5174 2.0000 0.5185 0.5226 2.0000 0.5167 0.5288 2.0000 0.5202 0.5288 2.0000
0 0.5239 0.4396 0.0107 0.0318 0.5222 0.4396 2.0000 0.5275 0.4398 2.0000 0.5246 0.4473 2.0000 0.5231 0.4517 2.0000 0.5271 0.4519 2.0000
0 0.4854 0.4460 0.0117 0.0360 0.4847 0.4450 2.0000 0.4904 0.4459 2.0000 0.4874 0.4511 2.0000 0.4844 0.4586 2.0000 0.4897 0.4586 2.0000
0 0.4810 0.5127 0.0107 0.0339 0.4795 0.5116 2.0000 0.4836 0.5118 2.0000 0.4814 0.5164 2.0000 0.4797 0.5218 2.0000 0.4835 0.5220 2.0000
0 0.4448 0.5085 0.0107 0.0297 0.0000 0.0000 0.0000 0.0000 0.0000 0.0000 0.0000 0.0000 0.0000 0.0000 0.0000 0.0000 0.0000 0.0000 0.0000
0 0.4497 0.4396 0.0107 0.0318 0.0000 0.0000 0.0000 0.0000 0.0000 0.0000 0.0000 0.0000 0.0000 0.0000 0.0000 0.0000 0.0000 0.0000 0.0000
0 0.4131 0.4449 0.0117 0.0381 0.4126 0.4461 2.0000 0.4171 0.4466 2.0000 0.4147 0.4511 2.0000 0.4125 0.4577 2.0000 0.4168 0.4582 2.0000
0 0.4082 0.5148 0.0117 0.0339 0.4066 0.5139 2.0000 0.4111 0.5144 2.0000 0.4088 0.5229 2.0000 0.4075 0.5272 2.0000 0.4105 0.5272 2.0000
