0 0.0669 0.3617 0.0283 0.0603 0.0605 0.3533 2.0000 0.0739 0.3517 2.0000 0.0663 0.3614 2.0000 0.0611 0.3742 2.0000 0.0714 0.3742 2.0000
0 0.1309 0.3227 0.0273 0.0638 0.1273 0.3179 2.0000 0.1374 0.3179 2.0000 0.1313 0.3296 2.0000 0.1278 0.3430 2.0000 0.1356 0.3434 2.0000
0 0.1973 0.3413 0.0254 0.0550 0.1921 0.3391 2.0000 0.2023 0.3405 2.0000 0.1952 0.3488 2.0000 0.1933 0.3607 2.0000 0.2015 0.3614 2.0000
0 0.3223 0.3759 0.0293 0.0567 0.3173 0.3711 2.0000 0.3304 0.3700 2.0000 0.3222 0.3857 2.0000 0.3197 0.3984 2.0000 0.3280 0.3970 2.0000
0 0.3066 0.2473 0.0215 0.0550 0.3008 0.2441 2.0000 0.3115 0.2445 2.0000 0.3057 0.2562 2.0000 0.3025 0.2662 2.0000 0.3082 0.2662 2.0000
0 0.1646 0.1888 0.0127 0.0337 0.1690 0.1863 2.0000 0.1703 0.1850 2.0000 0.1709 0.1912 2.0000 0.1687 0.2002 2.0000 0.1700 0.1981 2.0000
0 0.0464 0.2261 0.0225 0.0443 0.0499 0.2240 2.0000 0.0568 0.2262 2.0000 0.0545 0.2342 2.0000 0.0490 0.2422 2.0000 0.0546 0.2436 2.0000
0 0.4419 0.3777 0.0283 0.0638 0.4358 0.3683 2.0000 0.4496 0.3683 2.0000 0.4423 0.3819 2.0000 0.4376 0.3947 2.0000 0.4485 0.3951 2.0000
0 0.5596 0.3626 0.0293 0.0656 0.5491 0.3581 2.0000 0.5621 0.3585 2.0000 0.5548 0.3692 2.0000 0.5503 0.3820 2.0000 0.5602 0.3832 2.0000
0 0.3599 0.3174 0.0283 0.0567 0.0000 0.0000 0.0000 0.0000 0.0000 0.0000 0.0000 0.0000 0.0000 0.0000 0.0000 0.0000 0.0000 0.0000 0.0000
0 0.4307 0.2996 0.0234 0.0567 0.0000 0.0000 0.0000 0.0000 0.0000 0.0000 0.0000 0.0000 0.0000 0.0000 0.0000 0.0000 0.0000 0.0000 0.0000
0 0.6597 0.3138 0.0264 0.0567 0.6531 0.3103 2.0000 0.6646 0.3114 2.0000 0.6570 0.3192 2.0000 0.6539 0.3326 2.0000 0.6617 0.3322 2.0000
0 0.6206 0.2828 0.0283 0.0621 0.6146 0.2758 2.0000 0.6275 0.2758 2.0000 0.6201 0.2853 2.0000 0.6166 0.3015 2.0000 0.6268 0.3015 2.0000
0 0.8306 0.3165 0.0244 0.0621 0.8248 0.3130 2.0000 0.8381 0.3130 2.0000 0.8300 0.3249 2.0000 0.8257 0.3364 2.0000 0.8355 0.3372 2.0000
0 0.8794 0.3023 0.0303 0.0727 0.8708 0.2972 2.0000 0.8829 0.2968 2.0000 0.8758 0.3087 2.0000 0.8710 0.3257 2.0000 0.8817 0.3252 2.0000
0 0.9165 0.2970 0.0244 0.0656 0.9098 0.2953 2.0000 0.9232 0.2920 2.0000 0.9163 0.3058 2.0000 0.9121 0.3184 2.0000 0.9218 0.3167 2.0000
0 0.9409 0.2934 0.0225 0.0621 0.0000 0.0000 0.0000 0.0000 0.0000 0.0000 0.0000 0.0000 0.0000 0.0000 0.0000 0.0000 0.0000 0.0000 0.0000
0 0.9692 0.2872 0.0205 0.0567 0.0000 0.0000 0.0000 0.0000 0.0000 0.0000 0.0000 0.0000 0.0000 0.0000 0.0000 0.0000 0.0000 0.0000 0.0000
0 0.9912 0.2970 0.0137 0.0550 0.9880 0.2958 2.0000 0.9978 0.2961 2.0000 0.9932 0.3066 2.0000 0.9899 0.3191 2.0000 0.9967 0.3163 2.0000
0 0.2407 0.1498 0.0127 0.0301 0.0000 0.0000 0.0000 0.0000 0.0000 0.0000 0.0000 0.0000 0.0000 0.0000 0.0000 0.0000 0.0000 0.0000 0.0000
0 0.3647 0.1711 0.0146 0.0337 0.0000 0.0000 0.0000 0.0000 0.0000 0.0000 0.0000 0.0000 0.0000 0.0000 0.0000 0.0000 0.0000 0.0000 0.0000
0 0.3774 0.2119 0.0127 0.0266 0.0000 0.0000 0.0000 0.0000 0.0000 0.0000 0.0000 0.0000 0.0000 0.0000 0.0000 0.0000 0.0000 0.0000 0.0000
0 0.2783 0.2863 0.0078 0.0195 0.2767 0.2842 2.0000 0.2788 0.2844 2.0000 0.2762 0.2890 2.0000 0.2775 0.2931 2.0000 0.2775 0.2931 2.0000
0 0.1772 0.3129 0.0127 0.0266 0.0000 0.0000 0.0000 0.0000 0.0000 0.0000 0.0000 0.0000 0.0000 0.0000 0.0000 0.0000 0.0000 0.0000 0.0000
0 0.4180 0.1418 0.0137 0.0355 0.0000 0.0000 0.0000 0.0000 0.0000 0.0000 0.0000 0.0000 0.0000 0.0000 0.0000 0.0000 0.0000 0.0000 0.0000
0 0.4761 0.2615 0.0186 0.0514 0.0000 0.0000 0.0000 0.0000 0.0000 0.0000 0.0000 0.0000 0.0000 0.0000 0.0000 0.0000 0.0000 0.0000 0.0000
0 0.5024 0.2837 0.0186 0.0426 0.0000 0.0000 0.0000 0.0000 0.0000 0.0000 0.0000 0.0000 0.0000 0.0000 0.0000 0.0000 0.0000 0.0000 0.0000
0 0.5796 0.1294 0.0146 0.0248 0.5782 0.1276 2.0000 0.5836 0.1298 2.0000 0.5807 0.1338 2.0000 0.5778 0.1366 2.0000 0.5820 0.1385 2.0000
0 0.5610 0.1135 0.0088 0.0248 0.0000 0.0000 0.0000 0.0000 0.0000 0.0000 0.0000 0.0000 0.0000 0.0000 0.0000 0.0000 0.0000 0.0000 0.0000
0 0.5293 0.1472 0.0098 0.0248 0.0000 0.0000 0.0000 0.0000 0.0000 0.0000 0.0000 0.0000 0.0000 0.0000 0.0000 0.0000 0.0000 0.0000 0.0000
0 0.6787 0.1170 0.0078 0.0213 0.0000 0.0000 0.0000 0.0000 0.0000 0.0000 0.0000 0.0000 0.0000 0.0000 0.0000 0.0000 0.0000 0.0000 0.0000
0 0.7124 0.1489 0.0107 0.0213 0.0000 0.0000 0.0000 0.0000 0.0000 0.0000 0.0000 0.0000 0.0000 0.0000 0.0000 0.0000 0.0000 0.0000 0.0000
0 0.7427 0.1206 0.0088 0.0213 0.0000 0.0000 0.0000 0.0000 0.0000 0.0000 0.0000 0.0000 0.0000 0.0000 0.0000 0.0000 0.0000 0.0000 0.0000
0 0.7500 0.1427 0.0098 0.0230 0.7505 0.1415 2.0000 0.7560 0.1430 2.0000 0.7531 0.1471 2.0000 0.7507 0.1499 2.0000 0.7536 0.1509 2.0000
0 0.8159 0.1241 0.0088 0.0213 0.0000 0.0000 0.0000 0.0000 0.0000 0.0000 0.0000 0.0000 0.0000 0.0000 0.0000 0.0000 0.0000 0.0000 0.0000
0 0.8257 0.2447 0.0146 0.0390 0.8209 0.2472 2.0000 0.8281 0.2470 2.0000 0.8239 0.2553 2.0000 0.8213 0.2622 2.0000 0.8258 0.2624 2.0000
0 0.8599 0.0922 0.0107 0.0248 0.8551 0.0920 2.0000 0.8613 0.0925 2.0000 0.8585 0.0965 2.0000 0.8567 0.0983 2.0000 0.8608 0.0983 2.0000
0 0.9756 0.0816 0.0059 0.0142 0.0000 0.0000 0.0000 0.0000 0.0000 0.0000 0.0000 0.0000 0.0000 0.0000 0.0000 0.0000 0.0000 0.0000 0.0000
0 0.4028 0.3413 0.0225 0.0514 0.0000 0.0000 0.0000 0.0000 0.0000 0.0000 0.0000 0.0000 0.0000 0.0000 0.0000 0.0000 0.0000 0.0000 0.0000
