0 0.1016 0.0747 0.0312 0.0527 0.1023 0.0680 2.0000 0.1138 0.0700 2.0000 0.1100 0.0755 2.0000 0.1034 0.0857 2.0000 0.1129 0.0874 2.0000
0 0.2729 0.2445 0.0283 0.0527 0.2732 0.2433 2.0000 0.2834 0.2439 2.0000 0.2787 0.2514 2.0000 0.2723 0.2579 2.0000 0.2821 0.2585 2.0000
0 0.3052 0.3236 0.0322 0.0615 0.3095 0.3154 2.0000 0.3190 0.3166 2.0000 0.3160 0.3243 2.0000 0.3093 0.3324 2.0000 0.3154 0.3347 2.0000
0 0.1890 0.3953 0.0322 0.0644 0.1809 0.3833 2.0000 0.1966 0.3808 2.0000 0.1900 0.3890 2.0000 0.1848 0.4084 2.0000 0.1969 0.4043 2.0000
0 0.0620 0.4561 0.0459 0.0864 0.0596 0.4466 2.0000 0.0791 0.4378 2.0000 0.0762 0.4539 2.0000 0.0635 0.4832 2.0000 0.0811 0.4773 2.0000
0 0.3711 0.4971 0.0352 0.0542 0.3690 0.4843 2.0000 0.3836 0.4843 2.0000 0.3778 0.4920 2.0000 0.3693 0.5048 2.0000 0.3822 0.5058 2.0000
0 0.4771 0.2401 0.0225 0.0381 0.4707 0.2416 2.0000 0.4795 0.2357 2.0000 0.4746 0.2416 2.0000 0.4746 0.2533 2.0000 0.4814 0.2474 2.0000
0 0.4780 0.3924 0.0283 0.0586 0.4717 0.3939 2.0000 0.4863 0.3909 2.0000 0.4785 0.3982 2.0000 0.4746 0.4085 2.0000 0.4844 0.4085 2.0000
0 0.3804 0.2145 0.0244 0.0425 0.3769 0.2097 2.0000 0.3864 0.2081 2.0000 0.3832 0.2185 2.0000 0.3785 0.2249 2.0000 0.3864 0.2239 2.0000
0 0.5894 0.1706 0.0244 0.0425 0.5876 0.1642 2.0000 0.5968 0.1631 2.0000 0.5926 0.1735 2.0000 0.5878 0.1809 2.0000 0.5977 0.1790 2.0000
0 0.6694 0.3821 0.0322 0.0732 0.6565 0.3684 2.0000 0.6666 0.3652 2.0000 0.6568 0.3753 2.0000 0.6586 0.3963 2.0000 0.6672 0.3940 2.0000
0 0.5376 0.3924 0.0283 0.0527 0.5312 0.3836 2.0000 0.5400 0.3807 2.0000 0.5312 0.3939 2.0000 0.5332 0.4041 2.0000 0.5420 0.3997 2.0000
0 0.5342 0.6764 0.0410 0.0791 0.5251 0.6646 2.0000 0.5439 0.6626 2.0000 0.5341 0.6807 2.0000 0.5271 0.6902 2.0000 0.5449 0.6882 2.0000
0 0.7017 0.7687 0.0439 0.0996 0.6985 0.7626 2.0000 0.7190 0.7563 2.0000 0.7135 0.7783 2.0000 0.6985 0.7908 2.0000 0.7169 0.7871 2.0000
0 0.2993 0.6794 0.0420 0.0878 0.2982 0.6696 2.0000 0.3132 0.6707 2.0000 0.3094 0.6808 2.0000 0.2959 0.6982 2.0000 0.3102 0.6982 2.0000
0 0.3862 0.3485 0.0342 0.0615 0.3810 0.3347 2.0000 0.3959 0.3375 2.0000 0.3880 0.3441 2.0000 0.3802 0.3559 2.0000 0.3927 0.3571 2.0000
0 0.8906 0.4802 0.0430 0.0732 0.8779 0.4717 2.0000 0.8953 0.4680 2.0000 0.8841 0.4786 2.0000 0.8810 0.4916 2.0000 0.8965 0.4893 2.0000
0 0.7373 0.3946 0.0371 0.0659 0.7252 0.3886 2.0000 0.7411 0.3836 2.0000 0.7316 0.3945 2.0000 0.7310 0.4083 2.0000 0.7447 0.4024 2.0000
0 0.2456 0.8887 0.0459 0.0966 0.2461 0.8785 2.0000 0.2631 0.8901 2.0000 0.2554 0.8955 2.0000 0.2396 0.9034 2.0000 0.2558 0.9150 2.0000
