0 0.4673 0.3333 0.0576 0.0799 0.4546 0.3082 2.0000 0.4780 0.3043 2.0000 0.4656 0.3030 2.0000 0.4579 0.3349 2.0000 0.4780 0.3290 2.0000
0 0.2144 0.4592 0.0127 0.0226 0.0000 0.0000 0.0000 0.0000 0.0000 0.0000 0.0000 0.0000 0.0000 0.0000 0.0000 0.0000 0.0000 0.0000 0.0000
0 0.1816 0.4488 0.0176 0.0330 0.0000 0.0000 0.0000 0.0000 0.0000 0.0000 0.0000 0.0000 0.0000 0.0000 0.0000 0.0000 0.0000 0.0000 0.0000
0 0.1396 0.4514 0.0156 0.0243 0.0000 0.0000 0.0000 0.0000 0.0000 0.0000 0.0000 0.0000 0.0000 0.0000 0.0000 0.0000 0.0000 0.0000 0.0000
0 0.1128 0.4332 0.0127 0.0191 0.1136 0.4327 2.0000 0.1178 0.4326 2.0000 0.1159 0.4358 2.0000 0.1139 0.4410 2.0000 0.1172 0.4408 2.0000
0 0.2915 0.4444 0.0107 0.0208 0.0000 0.0000 0.0000 0.0000 0.0000 0.0000 0.0000 0.0000 0.0000 0.0000 0.0000 0.0000 0.0000 0.0000 0.0000
0 0.3027 0.4427 0.0078 0.0174 0.0000 0.0000 0.0000 0.0000 0.0000 0.0000 0.0000 0.0000 0.0000 0.0000 0.0000 0.0000 0.0000 0.0000 0.0000
0 0.3374 0.4332 0.0166 0.0191 0.0000 0.0000 0.0000 0.0000 0.0000 0.0000 0.0000 0.0000 0.0000 0.0000 0.0000 0.0000 0.0000 0.0000 0.0000
0 0.8281 0.4323 0.0078 0.0174 0.0000 0.0000 0.0000 0.0000 0.0000 0.0000 0.0000 0.0000 0.0000 0.0000 0.0000 0.0000 0.0000 0.0000 0.0000
0 0.7241 0.4627 0.0186 0.0365 0.7240 0.4591 2.0000 0.7311 0.4591 2.0000 0.7269 0.4661 2.0000 0.7238 0.4735 2.0000 0.7300 0.4733 2.0000
0 0.7690 0.4470 0.0127 0.0260 0.0000 0.0000 0.0000 0.0000 0.0000 0.0000 0.0000 0.0000 0.0000 0.0000 0.0000 0.0000 0.0000 0.0000 0.0000
0 0.6709 0.4262 0.0137 0.0260 0.0000 0.0000 0.0000 0.0000 0.0000 0.0000 0.0000 0.0000 0.0000 0.0000 0.0000 0.0000 0.0000 0.0000 0.0000
0 0.6304 0.4531 0.0166 0.0278 0.0000 0.0000 0.0000 0.0000 0.0000 0.0000 0.0000 0.0000 0.0000 0.0000 0.0000 0.0000 0.0000 0.0000 0.0000
0 0.5874 0.4375 0.0107 0.0208 0.5885 0.4365 2.0000 0.5931 0.4355 2.0000 0.5913 0.4393 2.0000 0.5896 0.4439 2.0000 0.5929 0.4434 2.0000
0 0.6030 0.4418 0.0068 0.0122 0.0000 0.0000 0.0000 0.0000 0.0000 0.0000 0.0000 0.0000 0.0000 0.0000 0.0000 0.0000 0.0000 0.0000 0.0000
0 0.7046 0.4488 0.0068 0.0122 0.0000 0.0000 0.0000 0.0000 0.0000 0.0000 0.0000 0.0000 0.0000 0.0000 0.0000 0.0000 0.0000 0.0000 0.0000
0 0.2573 0.4436 0.0088 0.0156 0.0000 0.0000 0.0000 0.0000 0.0000 0.0000 0.0000 0.0000 0.0000 0.0000 0.0000 0.0000 0.0000 0.0000 0.0000
0 0.8970 0.4453 0.0088 0.0156 0.0000 0.0000 0.0000 0.0000 0.0000 0.0000 0.0000 0.0000 0.0000 0.0000 0.0000 0.0000 0.0000 0.0000 0.0000
0 0.9443 0.4392 0.0117 0.0174 0.0000 0.0000 0.0000 0.0000 0.0000 0.0000 0.0000 0.0000 0.0000 0.0000 0.0000 0.0000 0.0000 0.0000 0.0000
0 0.9771 0.4618 0.0166 0.0278 0.0000 0.0000 0.0000 0.0000 0.0000 0.0000 0.0000 0.0000 0.0000 0.0000 0.0000 0.0000 0.0000 0.0000 0.0000
0 0.8477 0.4679 0.0234 0.0399 0.8440 0.4636 2.0000 0.8523 0.4633 2.0000 0.8479 0.4688 2.0000 0.8433 0.4770 2.0000 0.8525 0.4770 2.0000
