0 0.8872 0.2012 0.0537 0.0846 0.8664 0.1868 2.0000 0.8749 0.1874 2.0000 0.8620 0.2034 2.0000 0.8668 0.2195 2.0000 0.8741 0.2205 2.0000
0 0.7031 0.1849 0.0449 0.0677 0.6890 0.1754 2.0000 0.7081 0.1741 2.0000 0.6928 0.1872 2.0000 0.6906 0.2012 2.0000 0.7030 0.2000 2.0000
0 0.4199 0.2962 0.0430 0.0664 0.4069 0.2764 2.0000 0.4235 0.2776 2.0000 0.4101 0.2889 2.0000 0.4050 0.3040 2.0000 0.4188 0.3048 2.0000
0 0.3462 0.2799 0.0361 0.0547 0.3359 0.2707 2.0000 0.3487 0.2696 2.0000 0.3395 0.2816 2.0000 0.3366 0.2895 2.0000 0.3487 0.2905 2.0000
0 0.1074 0.2155 0.0508 0.0820 0.0867 0.2015 2.0000 0.1056 0.1978 2.0000 0.0883 0.2130 2.0000 0.0883 0.2334 2.0000 0.1036 0.2297 2.0000
0 0.0786 0.2057 0.0381 0.0495 0.0000 0.0000 0.0000 0.0000 0.0000 0.0000 0.0000 0.0000 0.0000 0.0000 0.0000 0.0000 0.0000 0.0000 0.0000
0 0.1812 0.0814 0.0107 0.0169 0.0000 0.0000 0.0000 0.0000 0.0000 0.0000 0.0000 0.0000 0.0000 0.0000 0.0000 0.0000 0.0000 0.0000 0.0000
0 0.0815 0.0527 0.0107 0.0195 0.0000 0.0000 0.0000 0.0000 0.0000 0.0000 0.0000 0.0000 0.0000 0.0000 0.0000 0.0000 0.0000 0.0000 0.0000
0 0.0454 0.0508 0.0107 0.0182 0.0427 0.0497 2.0000 0.0466 0.0508 2.0000 0.0435 0.0536 2.0000 0.0433 0.0567 2.0000 0.0460 0.0571 2.0000
0 0.2690 0.0514 0.0127 0.0221 0.0000 0.0000 0.0000 0.0000 0.0000 0.0000 0.0000 0.0000 0.0000 0.0000 0.0000 0.0000 0.0000 0.0000 0.0000
0 0.4028 0.1133 0.0107 0.0182 0.0000 0.0000 0.0000 0.0000 0.0000 0.0000 0.0000 0.0000 0.0000 0.0000 0.0000 0.0000 0.0000 0.0000 0.0000
0 0.4478 0.0729 0.0127 0.0182 0.4480 0.0705 2.0000 0.4519 0.0709 2.0000 0.4500 0.0747 2.0000 0.4475 0.0770 2.0000 0.4512 0.0770 2.0000
0 0.5776 0.0260 0.0107 0.0208 0.5774 0.0266 2.0000 0.5823 0.0268 2.0000 0.5804 0.0310 2.0000 0.5781 0.0335 2.0000 0.5811 0.0335 2.0000
0 0.6572 0.0410 0.0117 0.0221 0.0000 0.0000 0.0000 0.0000 0.0000 0.0000 0.0000 0.0000 0.0000 0.0000 0.0000 0.0000 0.0000 0.0000 0.0000
0 0.6191 0.0319 0.0137 0.0221 0.0000 0.0000 0.0000 0.0000 0.0000 0.0000 0.0000 0.0000 0.0000 0.0000 0.0000 0.0000 0.0000 0.0000 0.0000
0 0.8105 0.0189 0.0098 0.0169 0.0000 0.0000 0.0000 0.0000 0.0000 0.0000 0.0000 0.0000 0.0000 0.0000 0.0000 0.0000 0.0000 0.0000 0.0000
0 0.8013 0.0228 0.0088 0.0195 0.0000 0.0000 0.0000 0.0000 0.0000 0.0000 0.0000 0.0000 0.0000 0.0000 0.0000 0.0000 0.0000 0.0000 0.0000
0 0.7764 0.0495 0.0117 0.0182 0.0000 0.0000 0.0000 0.0000 0.0000 0.0000 0.0000 0.0000 0.0000 0.0000 0.0000 0.0000 0.0000 0.0000 0.0000
0 0.8403 0.0684 0.0107 0.0195 0.0000 0.0000 0.0000 0.0000 0.0000 0.0000 0.0000 0.0000 0.0000 0.0000 0.0000 0.0000 0.0000 0.0000 0.0000
0 0.2026 0.1452 0.0127 0.0169 0.0000 0.0000 0.0000 0.0000 0.0000 0.0000 0.0000 0.0000 0.0000 0.0000 0.0000 0.0000 0.0000 0.0000 0.0000
0 0.2939 0.2318 0.0293 0.0469 0.0000 0.0000 0.0000 0.0000 0.0000 0.0000 0.0000 0.0000 0.0000 0.0000 0.0000 0.0000 0.0000 0.0000 0.0000
0 0.7832 0.0846 0.0137 0.0208 0.0000 0.0000 0.0000 0.0000 0.0000 0.0000 0.0000 0.0000 0.0000 0.0000 0.0000 0.0000 0.0000 0.0000 0.0000
0 0.8535 0.0072 0.0117 0.0169 0.0000 0.0000 0.0000 0.0000 0.0000 0.0000 0.0000 0.0000 0.0000 0.0000 0.0000 0.0000 0.0000 0.0000 0.0000
