0 0.1802 0.2573 0.0303 0.0531 0.1690 0.2509 2.0000 0.1752 0.2502 2.0000 0.1663 0.2583 2.0000 0.1682 0.2711 2.0000 0.1735 0.2715 2.0000
0 0.2153 0.3017 0.0303 0.0570 0.2025 0.2969 2.0000 0.2086 0.2969 2.0000 0.2025 0.3088 2.0000 0.2076 0.3197 2.0000 0.2113 0.3193 2.0000
0 0.2715 0.2911 0.0137 0.0252 0.2705 0.2914 2.0000 0.2708 0.2914 2.0000 0.2661 0.2941 2.0000 0.2689 0.2999 2.0000 0.2692 0.2999 2.0000
0 0.2959 0.3011 0.0117 0.0239 0.2938 0.3004 2.0000 0.2954 0.3002 2.0000 0.2921 0.3036 2.0000 0.2938 0.3098 2.0000 0.2946 0.3096 2.0000
0 0.1040 0.2679 0.0244 0.0398 0.0957 0.2630 2.0000 0.1019 0.2637 2.0000 0.0944 0.2704 2.0000 0.0951 0.2772 2.0000 0.0985 0.2795 2.0000
0 0.0645 0.2858 0.0215 0.0305 0.0598 0.2813 2.0000 0.0632 0.2823 2.0000 0.0551 0.2850 2.0000 0.0544 0.2930 2.0000 0.0573 0.2942 2.0000
0 0.0508 0.2772 0.0156 0.0265 0.0000 0.0000 0.0000 0.0000 0.0000 0.0000 0.0000 0.0000 0.0000 0.0000 0.0000 0.0000 0.0000 0.0000 0.0000
0 0.0439 0.2885 0.0137 0.0252 0.0397 0.2837 2.0000 0.0428 0.2832 2.0000 0.0390 0.2885 2.0000 0.0412 0.2949 2.0000 0.0423 0.2949 2.0000
0 0.4053 0.2865 0.0137 0.0239 0.0000 0.0000 0.0000 0.0000 0.0000 0.0000 0.0000 0.0000 0.0000 0.0000 0.0000 0.0000 0.0000 0.0000 0.0000
0 0.4409 0.2772 0.0264 0.0398 0.4337 0.2704 2.0000 0.4401 0.2720 2.0000 0.4326 0.2788 2.0000 0.4328 0.2871 2.0000 0.4372 0.2887 2.0000
0 0.4824 0.2991 0.0176 0.0279 0.4812 0.2972 2.0000 0.4899 0.2979 2.0000 0.4843 0.3023 2.0000 0.4817 0.3080 2.0000 0.4860 0.3089 2.0000
0 0.4312 0.2851 0.0107 0.0186 0.0000 0.0000 0.0000 0.0000 0.0000 0.0000 0.0000 0.0000 0.0000 0.0000 0.0000 0.0000 0.0000 0.0000 0.0000
0 0.5684 0.2467 0.0215 0.0371 0.5591 0.2441 2.0000 0.5648 0.2441 2.0000 0.5608 0.2486 2.0000 0.5610 0.2571 2.0000 0.5662 0.2566 2.0000
0 0.3447 0.3382 0.0410 0.0690 0.3294 0.3255 2.0000 0.3378 0.3281 2.0000 0.3236 0.3421 2.0000 0.3304 0.3548 2.0000 0.3359 0.3566 2.0000
0 0.5864 0.3143 0.0264 0.0451 0.5765 0.3060 2.0000 0.5844 0.3054 2.0000 0.5757 0.3144 2.0000 0.5767 0.3263 2.0000 0.5827 0.3269 2.0000
0 0.6533 0.2898 0.0117 0.0199 0.6511 0.2888 2.0000 0.6515 0.2886 2.0000 0.6499 0.2933 2.0000 0.6523 0.2980 2.0000 0.6526 0.2979 2.0000
0 0.6406 0.2885 0.0078 0.0172 0.0000 0.0000 0.0000 0.0000 0.0000 0.0000 0.0000 0.0000 0.0000 0.0000 0.0000 0.0000 0.0000 0.0000 0.0000
0 0.7412 0.2540 0.0391 0.0597 0.7255 0.2444 2.0000 0.7375 0.2429 2.0000 0.7261 0.2562 2.0000 0.7238 0.2706 2.0000 0.7361 0.2690 2.0000
0 0.8374 0.2832 0.0264 0.0358 0.8281 0.2804 2.0000 0.8391 0.2804 2.0000 0.8313 0.2871 2.0000 0.8296 0.2952 2.0000 0.8345 0.2949 2.0000
0 0.5547 0.2971 0.0078 0.0133 0.0000 0.0000 0.0000 0.0000 0.0000 0.0000 0.0000 0.0000 0.0000 0.0000 0.0000 0.0000 0.0000 0.0000 0.0000
0 0.6792 0.2951 0.0088 0.0146 0.6777 0.2950 2.0000 0.6819 0.2950 2.0000 0.6797 0.2984 2.0000 0.6781 0.3003 2.0000 0.6812 0.3003 2.0000
0 0.6997 0.2944 0.0205 0.0345 0.6925 0.2896 2.0000 0.6999 0.2896 2.0000 0.6928 0.2964 2.0000 0.6913 0.3032 2.0000 0.6971 0.3032 2.0000
0 0.8799 0.2997 0.0117 0.0186 0.0000 0.0000 0.0000 0.0000 0.0000 0.0000 0.0000 0.0000 0.0000 0.0000 0.0000 0.0000 0.0000 0.0000 0.0000
0 0.9170 0.2626 0.0137 0.0212 0.0000 0.0000 0.0000 0.0000 0.0000 0.0000 0.0000 0.0000 0.0000 0.0000 0.0000 0.0000 0.0000 0.0000 0.0000
0 0.9497 0.2898 0.0088 0.0146 0.0000 0.0000 0.0000 0.0000 0.0000 0.0000 0.0000 0.0000 0.0000 0.0000 0.0000 0.0000 0.0000 0.0000 0.0000
0 0.9819 0.2911 0.0205 0.0358 0.0000 0.0000 0.0000 0.0000 0.0000 0.0000 0.0000 0.0000 0.0000 0.0000 0.0000 0.0000 0.0000 0.0000 0.0000
