0 0.0771 0.3712 0.0195 0.0320 0.0744 0.3630 2.0000 0.0827 0.3626 2.0000 0.0785 0.3693 2.0000 0.0743 0.3759 2.0000 0.0809 0.3761 2.0000
0 0.0356 0.3377 0.0186 0.0262 0.0000 0.0000 0.0000 0.0000 0.0000 0.0000 0.0000 0.0000 0.0000 0.0000 0.0000 0.0000 0.0000 0.0000 0.0000
0 0.5303 0.6215 0.0312 0.0553 0.5298 0.6167 2.0000 0.5395 0.6160 2.0000 0.5369 0.6233 2.0000 0.5310 0.6356 2.0000 0.5373 0.6360 2.0000
0 0.3745 0.5262 0.0283 0.0480 0.3724 0.5210 2.0000 0.3833 0.5182 2.0000 0.3791 0.5291 2.0000 0.3772 0.5397 2.0000 0.3835 0.5385 2.0000
0 0.2783 0.4578 0.0293 0.0422 0.0000 0.0000 0.0000 0.0000 0.0000 0.0000 0.0000 0.0000 0.0000 0.0000 0.0000 0.0000 0.0000 0.0000 0.0000
0 0.9165 0.5582 0.0303 0.0568 0.9158 0.5488 2.0000 0.9287 0.5480 2.0000 0.9255 0.5564 2.0000 0.9180 0.5680 2.0000 0.9282 0.5673 2.0000
0 0.9365 0.4287 0.0273 0.0393 0.9363 0.4242 2.0000 0.9451 0.4231 2.0000 0.9423 0.4294 2.0000 0.9379 0.4361 2.0000 0.9456 0.4359 2.0000
0 0.8120 0.4010 0.0244 0.0364 0.8120 0.3978 2.0000 0.8188 0.3968 2.0000 0.8167 0.3996 2.0000 0.8144 0.4102 2.0000 0.8186 0.4097 2.0000
0 0.6919 0.3530 0.0205 0.0364 0.6927 0.3486 2.0000 0.7001 0.3488 2.0000 0.6980 0.3542 2.0000 0.6941 0.3614 2.0000 0.6999 0.3610 2.0000
0 0.6016 0.3362 0.0176 0.0262 0.0000 0.0000 0.0000 0.0000 0.0000 0.0000 0.0000 0.0000 0.0000 0.0000 0.0000 0.0000 0.0000 0.0000 0.0000
0 0.5205 0.3282 0.0195 0.0277 0.0000 0.0000 0.0000 0.0000 0.0000 0.0000 0.0000 0.0000 0.0000 0.0000 0.0000 0.0000 0.0000 0.0000 0.0000
0 0.4502 0.2962 0.0195 0.0306 0.0000 0.0000 0.0000 0.0000 0.0000 0.0000 0.0000 0.0000 0.0000 0.0000 0.0000 0.0000 0.0000 0.0000 0.0000
0 0.3750 0.2751 0.0156 0.0233 0.0000 0.0000 0.0000 0.0000 0.0000 0.0000 0.0000 0.0000 0.0000 0.0000 0.0000 0.0000 0.0000 0.0000 0.0000
0 0.3101 0.2591 0.0127 0.0204 0.0000 0.0000 0.0000 0.0000 0.0000 0.0000 0.0000 0.0000 0.0000 0.0000 0.0000 0.0000 0.0000 0.0000 0.0000
0 0.2412 0.2329 0.0117 0.0204 0.2405 0.2300 2.0000 0.2443 0.2298 2.0000 0.2427 0.2337 2.0000 0.2412 0.2381 2.0000 0.2443 0.2380 2.0000
0 0.2012 0.2205 0.0117 0.0218 0.0000 0.0000 0.0000 0.0000 0.0000 0.0000 0.0000 0.0000 0.0000 0.0000 0.0000 0.0000 0.0000 0.0000 0.0000
0 0.1558 0.2394 0.0107 0.0160 0.0000 0.0000 0.0000 0.0000 0.0000 0.0000 0.0000 0.0000 0.0000 0.0000 0.0000 0.0000 0.0000 0.0000 0.0000
0 0.0850 0.2300 0.0098 0.0175 0.0846 0.2308 2.0000 0.0883 0.2308 2.0000 0.0866 0.2334 2.0000 0.0854 0.2360 2.0000 0.0872 0.2360 2.0000
0 0.2866 0.2154 0.0107 0.0175 0.0000 0.0000 0.0000 0.0000 0.0000 0.0000 0.0000 0.0000 0.0000 0.0000 0.0000 0.0000 0.0000 0.0000 0.0000
0 0.3691 0.2176 0.0117 0.0189 0.3687 0.2159 2.0000 0.3727 0.2161 2.0000 0.3710 0.2200 2.0000 0.3694 0.2234 2.0000 0.3724 0.2234 2.0000
0 0.6812 0.2132 0.0107 0.0189 0.0000 0.0000 0.0000 0.0000 0.0000 0.0000 0.0000 0.0000 0.0000 0.0000 0.0000 0.0000 0.0000 0.0000 0.0000
0 0.5898 0.2140 0.0117 0.0146 0.0000 0.0000 0.0000 0.0000 0.0000 0.0000 0.0000 0.0000 0.0000 0.0000 0.0000 0.0000 0.0000 0.0000 0.0000
0 0.5391 0.2322 0.0117 0.0189 0.0000 0.0000 0.0000 0.0000 0.0000 0.0000 0.0000 0.0000 0.0000 0.0000 0.0000 0.0000 0.0000 0.0000 0.0000
0 0.4458 0.2191 0.0107 0.0160 0.0000 0.0000 0.0000 0.0000 0.0000 0.0000 0.0000 0.0000 0.0000 0.0000 0.0000 0.0000 0.0000 0.0000 0.0000
0 0.9922 0.2023 0.0117 0.0204 0.0000 0.0000 0.0000 0.0000 0.0000 0.0000 0.0000 0.0000 0.0000 0.0000 0.0000 0.0000 0.0000 0.0000 0.0000
0 0.8555 0.1980 0.0117 0.0175 0.0000 0.0000 0.0000 0.0000 0.0000 0.0000 0.0000 0.0000 0.0000 0.0000 0.0000 0.0000 0.0000 0.0000 0.0000
0 0.7344 0.2154 0.0117 0.0175 0.0000 0.0000 0.0000 0.0000 0.0000 0.0000 0.0000 0.0000 0.0000 0.0000 0.0000 0.0000 0.0000 0.0000 0.0000
