0 0.3013 0.3397 0.0322 0.0583 0.3040 0.3296 2.0000 0.3169 0.3281 2.0000 0.3112 0.3419 2.0000 0.3067 0.3560 2.0000 0.3129 0.3560 2.0000
0 0.1533 0.3666 0.0371 0.0569 0.1521 0.3568 2.0000 0.1670 0.3564 2.0000 0.1611 0.3721 2.0000 0.1521 0.3808 2.0000 0.1643 0.3812 2.0000
0 0.0342 0.3586 0.0410 0.0729 0.0324 0.3472 2.0000 0.0486 0.3486 2.0000 0.0425 0.3600 2.0000 0.0352 0.3732 2.0000 0.0489 0.3736 2.0000
0 0.6987 0.3367 0.0186 0.0292 0.7012 0.3324 2.0000 0.7061 0.3324 2.0000 0.7051 0.3367 2.0000 0.7012 0.3426 2.0000 0.7061 0.3426 2.0000
0 0.5669 0.3280 0.0381 0.0671 0.5725 0.3114 2.0000 0.5840 0.3110 2.0000 0.5840 0.3256 2.0000 0.5751 0.3406 2.0000 0.5814 0.3393 2.0000
0 0.6021 0.3433 0.0186 0.0306 0.6045 0.3397 2.0000 0.6113 0.3397 2.0000 0.6104 0.3469 2.0000 0.6055 0.3528 2.0000 0.6104 0.3557 2.0000
0 0.6416 0.3768 0.0176 0.0277 0.6445 0.3732 2.0000 0.6484 0.3732 2.0000 0.6494 0.3776 2.0000 0.6465 0.3834 2.0000 0.6504 0.3834 2.0000
0 0.4561 0.3353 0.0273 0.0525 0.4661 0.3254 2.0000 0.4677 0.3247 2.0000 0.4748 0.3334 2.0000 0.4652 0.3456 2.0000 0.4663 0.3453 2.0000
0 0.7729 0.3506 0.0166 0.0277 0.0000 0.0000 0.0000 0.0000 0.0000 0.0000 0.0000 0.0000 0.0000 0.0000 0.0000 0.0000 0.0000 0.0000 0.0000
0 0.9932 0.3389 0.0098 0.0423 0.0000 0.0000 0.0000 0.0000 0.0000 0.0000 0.0000 0.0000 0.0000 0.0000 0.0000 0.0000 0.0000 0.0000 0.0000
0 0.9170 0.3535 0.0195 0.0306 0.9176 0.3457 2.0000 0.9242 0.3459 2.0000 0.9226 0.3532 2.0000 0.9194 0.3592 2.0000 0.9232 0.3592 2.0000
0 0.8135 0.3207 0.0352 0.0583 0.8150 0.3089 2.0000 0.8261 0.3071 2.0000 0.8264 0.3154 2.0000 0.8198 0.3312 2.0000 0.8287 0.3282 2.0000
